time	time	departures_all	arrivals_all	stuck_all	en-route_all	departures_car	arrivals_car	stuck_car	en-route_car	departures_drive_transit	arrivals_drive_transit	stuck_drive_transit	en-route_drive_transit	departures_ride_hail	arrivals_ride_hail	stuck_ride_hail	en-route_ride_hail	departures_ride_hail_pooled	arrivals_ride_hail_pooled	stuck_ride_hail_pooled	en-route_ride_hail_pooled	departures_ride_hail_transit	arrivals_ride_hail_transit	stuck_ride_hail_transit	en-route_ride_hail_transit	departures_walk	arrivals_walk	stuck_walk	en-route_walk	departures_walk_transit	arrivals_walk_transit	stuck_walk_transit	en-route_walk_transit
00:00:00	0	0	0	0	0	0	0	0	0	0	0	0	0	0	0	0	0	0	0	0	0	0	0	0	0	0	0	0	0	0	0	0	0
00:05:00	300	0	0	0	0	0	0	0	0	0	0	0	0	0	0	0	0	0	0	0	0	0	0	0	0	0	0	0	0	0	0	0	0
00:10:00	600	0	0	0	0	0	0	0	0	0	0	0	0	0	0	0	0	0	0	0	0	0	0	0	0	0	0	0	0	0	0	0	0
00:15:00	900	0	0	0	0	0	0	0	0	0	0	0	0	0	0	0	0	0	0	0	0	0	0	0	0	0	0	0	0	0	0	0	0
00:20:00	1200	0	0	0	0	0	0	0	0	0	0	0	0	0	0	0	0	0	0	0	0	0	0	0	0	0	0	0	0	0	0	0	0
00:25:00	1500	0	0	0	0	0	0	0	0	0	0	0	0	0	0	0	0	0	0	0	0	0	0	0	0	0	0	0	0	0	0	0	0
00:30:00	1800	0	0	0	0	0	0	0	0	0	0	0	0	0	0	0	0	0	0	0	0	0	0	0	0	0	0	0	0	0	0	0	0
00:35:00	2100	0	0	0	0	0	0	0	0	0	0	0	0	0	0	0	0	0	0	0	0	0	0	0	0	0	0	0	0	0	0	0	0
00:40:00	2400	0	0	0	0	0	0	0	0	0	0	0	0	0	0	0	0	0	0	0	0	0	0	0	0	0	0	0	0	0	0	0	0
00:45:00	2700	0	0	0	0	0	0	0	0	0	0	0	0	0	0	0	0	0	0	0	0	0	0	0	0	0	0	0	0	0	0	0	0
00:50:00	3000	0	0	0	0	0	0	0	0	0	0	0	0	0	0	0	0	0	0	0	0	0	0	0	0	0	0	0	0	0	0	0	0
00:55:00	3300	0	0	0	0	0	0	0	0	0	0	0	0	0	0	0	0	0	0	0	0	0	0	0	0	0	0	0	0	0	0	0	0
01:00:00	3600	0	0	0	0	0	0	0	0	0	0	0	0	0	0	0	0	0	0	0	0	0	0	0	0	0	0	0	0	0	0	0	0
01:05:00	3900	0	0	0	0	0	0	0	0	0	0	0	0	0	0	0	0	0	0	0	0	0	0	0	0	0	0	0	0	0	0	0	0
01:10:00	4200	0	0	0	0	0	0	0	0	0	0	0	0	0	0	0	0	0	0	0	0	0	0	0	0	0	0	0	0	0	0	0	0
01:15:00	4500	0	0	0	0	0	0	0	0	0	0	0	0	0	0	0	0	0	0	0	0	0	0	0	0	0	0	0	0	0	0	0	0
01:20:00	4800	0	0	0	0	0	0	0	0	0	0	0	0	0	0	0	0	0	0	0	0	0	0	0	0	0	0	0	0	0	0	0	0
01:25:00	5100	0	0	0	0	0	0	0	0	0	0	0	0	0	0	0	0	0	0	0	0	0	0	0	0	0	0	0	0	0	0	0	0
01:30:00	5400	0	0	0	0	0	0	0	0	0	0	0	0	0	0	0	0	0	0	0	0	0	0	0	0	0	0	0	0	0	0	0	0
01:35:00	5700	0	0	0	0	0	0	0	0	0	0	0	0	0	0	0	0	0	0	0	0	0	0	0	0	0	0	0	0	0	0	0	0
01:40:00	6000	0	0	0	0	0	0	0	0	0	0	0	0	0	0	0	0	0	0	0	0	0	0	0	0	0	0	0	0	0	0	0	0
01:45:00	6300	0	0	0	0	0	0	0	0	0	0	0	0	0	0	0	0	0	0	0	0	0	0	0	0	0	0	0	0	0	0	0	0
01:50:00	6600	0	0	0	0	0	0	0	0	0	0	0	0	0	0	0	0	0	0	0	0	0	0	0	0	0	0	0	0	0	0	0	0
01:55:00	6900	0	0	0	0	0	0	0	0	0	0	0	0	0	0	0	0	0	0	0	0	0	0	0	0	0	0	0	0	0	0	0	0
02:00:00	7200	0	0	0	0	0	0	0	0	0	0	0	0	0	0	0	0	0	0	0	0	0	0	0	0	0	0	0	0	0	0	0	0
02:05:00	7500	0	0	0	0	0	0	0	0	0	0	0	0	0	0	0	0	0	0	0	0	0	0	0	0	0	0	0	0	0	0	0	0
02:10:00	7800	0	0	0	0	0	0	0	0	0	0	0	0	0	0	0	0	0	0	0	0	0	0	0	0	0	0	0	0	0	0	0	0
02:15:00	8100	0	0	0	0	0	0	0	0	0	0	0	0	0	0	0	0	0	0	0	0	0	0	0	0	0	0	0	0	0	0	0	0
02:20:00	8400	0	0	0	0	0	0	0	0	0	0	0	0	0	0	0	0	0	0	0	0	0	0	0	0	0	0	0	0	0	0	0	0
02:25:00	8700	0	0	0	0	0	0	0	0	0	0	0	0	0	0	0	0	0	0	0	0	0	0	0	0	0	0	0	0	0	0	0	0
02:30:00	9000	0	0	0	0	0	0	0	0	0	0	0	0	0	0	0	0	0	0	0	0	0	0	0	0	0	0	0	0	0	0	0	0
02:35:00	9300	0	0	0	0	0	0	0	0	0	0	0	0	0	0	0	0	0	0	0	0	0	0	0	0	0	0	0	0	0	0	0	0
02:40:00	9600	0	0	0	0	0	0	0	0	0	0	0	0	0	0	0	0	0	0	0	0	0	0	0	0	0	0	0	0	0	0	0	0
02:45:00	9900	0	0	0	0	0	0	0	0	0	0	0	0	0	0	0	0	0	0	0	0	0	0	0	0	0	0	0	0	0	0	0	0
02:50:00	10200	0	0	0	0	0	0	0	0	0	0	0	0	0	0	0	0	0	0	0	0	0	0	0	0	0	0	0	0	0	0	0	0
02:55:00	10500	0	0	0	0	0	0	0	0	0	0	0	0	0	0	0	0	0	0	0	0	0	0	0	0	0	0	0	0	0	0	0	0
03:00:00	10800	0	0	0	0	0	0	0	0	0	0	0	0	0	0	0	0	0	0	0	0	0	0	0	0	0	0	0	0	0	0	0	0
03:05:00	11100	0	0	0	0	0	0	0	0	0	0	0	0	0	0	0	0	0	0	0	0	0	0	0	0	0	0	0	0	0	0	0	0
03:10:00	11400	0	0	0	0	0	0	0	0	0	0	0	0	0	0	0	0	0	0	0	0	0	0	0	0	0	0	0	0	0	0	0	0
03:15:00	11700	0	0	0	0	0	0	0	0	0	0	0	0	0	0	0	0	0	0	0	0	0	0	0	0	0	0	0	0	0	0	0	0
03:20:00	12000	0	0	0	0	0	0	0	0	0	0	0	0	0	0	0	0	0	0	0	0	0	0	0	0	0	0	0	0	0	0	0	0
03:25:00	12300	0	0	0	0	0	0	0	0	0	0	0	0	0	0	0	0	0	0	0	0	0	0	0	0	0	0	0	0	0	0	0	0
03:30:00	12600	0	0	0	0	0	0	0	0	0	0	0	0	0	0	0	0	0	0	0	0	0	0	0	0	0	0	0	0	0	0	0	0
03:35:00	12900	0	0	0	0	0	0	0	0	0	0	0	0	0	0	0	0	0	0	0	0	0	0	0	0	0	0	0	0	0	0	0	0
03:40:00	13200	0	0	0	0	0	0	0	0	0	0	0	0	0	0	0	0	0	0	0	0	0	0	0	0	0	0	0	0	0	0	0	0
03:45:00	13500	0	0	0	0	0	0	0	0	0	0	0	0	0	0	0	0	0	0	0	0	0	0	0	0	0	0	0	0	0	0	0	0
03:50:00	13800	0	0	0	0	0	0	0	0	0	0	0	0	0	0	0	0	0	0	0	0	0	0	0	0	0	0	0	0	0	0	0	0
03:55:00	14100	0	0	0	0	0	0	0	0	0	0	0	0	0	0	0	0	0	0	0	0	0	0	0	0	0	0	0	0	0	0	0	0
04:00:00	14400	0	0	0	0	0	0	0	0	0	0	0	0	0	0	0	0	0	0	0	0	0	0	0	0	0	0	0	0	0	0	0	0
04:05:00	14700	0	0	0	0	0	0	0	0	0	0	0	0	0	0	0	0	0	0	0	0	0	0	0	0	0	0	0	0	0	0	0	0
04:10:00	15000	0	0	0	0	0	0	0	0	0	0	0	0	0	0	0	0	0	0	0	0	0	0	0	0	0	0	0	0	0	0	0	0
04:15:00	15300	0	0	0	0	0	0	0	0	0	0	0	0	0	0	0	0	0	0	0	0	0	0	0	0	0	0	0	0	0	0	0	0
04:20:00	15600	0	0	0	0	0	0	0	0	0	0	0	0	0	0	0	0	0	0	0	0	0	0	0	0	0	0	0	0	0	0	0	0
04:25:00	15900	0	0	0	0	0	0	0	0	0	0	0	0	0	0	0	0	0	0	0	0	0	0	0	0	0	0	0	0	0	0	0	0
04:30:00	16200	0	0	0	0	0	0	0	0	0	0	0	0	0	0	0	0	0	0	0	0	0	0	0	0	0	0	0	0	0	0	0	0
04:35:00	16500	0	0	0	0	0	0	0	0	0	0	0	0	0	0	0	0	0	0	0	0	0	0	0	0	0	0	0	0	0	0	0	0
04:40:00	16800	0	0	0	0	0	0	0	0	0	0	0	0	0	0	0	0	0	0	0	0	0	0	0	0	0	0	0	0	0	0	0	0
04:45:00	17100	0	0	0	0	0	0	0	0	0	0	0	0	0	0	0	0	0	0	0	0	0	0	0	0	0	0	0	0	0	0	0	0
04:50:00	17400	0	0	0	0	0	0	0	0	0	0	0	0	0	0	0	0	0	0	0	0	0	0	0	0	0	0	0	0	0	0	0	0
04:55:00	17700	0	0	0	0	0	0	0	0	0	0	0	0	0	0	0	0	0	0	0	0	0	0	0	0	0	0	0	0	0	0	0	0
05:00:00	18000	25	3	0	22	4	0	0	4	1	0	0	1	0	0	0	0	0	0	0	0	0	0	0	0	20	3	0	17	0	0	0	0
05:05:00	18300	27	4	0	45	2	0	0	6	1	0	0	2	1	0	0	1	0	0	0	0	0	0	0	0	23	4	0	36	0	0	0	0
05:10:00	18600	66	6	0	105	7	0	0	13	1	0	0	3	1	0	0	2	0	0	0	0	1	0	0	1	50	6	0	80	6	0	0	6
05:15:00	18900	66	8	0	163	8	0	0	21	0	0	0	3	1	2	0	1	1	0	0	1	2	0	0	3	45	6	0	119	9	0	0	15
05:20:00	19200	76	14	0	225	9	0	0	30	1	0	0	4	3	1	0	3	4	0	0	5	1	0	0	4	43	13	0	149	15	0	0	30
05:25:00	19500	90	15	0	300	5	0	0	35	1	0	0	5	1	2	0	2	3	1	0	7	1	0	0	5	58	12	0	195	21	0	0	51
05:30:00	19800	86	11	0	375	7	0	0	42	1	0	0	6	5	2	0	5	2	0	0	9	1	0	0	6	40	7	0	228	30	2	0	79
05:35:00	20100	91	25	0	441	7	2	0	47	0	0	0	6	1	4	0	2	3	4	0	8	1	0	0	7	45	14	0	259	34	1	0	112
05:40:00	20400	82	28	0	495	9	0	0	56	1	0	0	7	4	1	0	5	2	3	0	7	0	0	0	7	35	21	0	273	31	3	0	140
05:45:00	20700	102	25	0	572	11	0	0	67	2	0	0	9	0	4	0	1	3	0	0	10	2	0	0	9	56	20	0	309	28	1	0	167
05:50:00	21000	103	38	0	637	9	2	0	74	0	0	0	9	1	3	0	-1	2	2	0	10	0	0	0	9	66	28	0	347	25	3	0	189
05:55:00	21300	111	42	0	706	4	0	0	78	1	0	0	10	7	0	0	6	3	2	0	11	1	0	0	10	68	32	0	383	27	8	0	208
06:00:00	21600	150	60	0	796	12	1	0	89	1	0	0	11	2	5	0	3	4	2	0	13	0	0	0	10	87	38	0	432	44	14	0	238
06:05:00	21900	141	55	0	882	10	3	0	96	1	0	0	12	5	6	0	2	8	2	0	19	0	0	0	10	81	36	0	477	36	8	0	266
06:10:00	22200	159	52	0	989	11	3	0	104	2	0	0	14	5	3	0	4	10	3	0	26	0	0	0	10	84	31	0	530	47	12	0	301
06:15:00	22500	169	60	0	1098	14	7	0	111	2	0	0	16	3	2	0	5	4	6	0	24	2	0	0	12	88	33	0	585	56	12	0	345
06:20:00	22800	199	74	0	1223	11	4	0	118	1	0	0	17	2	6	0	1	4	7	0	21	1	0	0	13	104	29	0	660	76	28	0	393
06:25:00	23100	194	78	0	1339	11	5	0	124	1	0	0	18	0	3	0	-2	7	4	0	24	0	0	0	13	117	48	0	729	58	18	0	433
06:30:00	23400	189	88	0	1440	13	7	0	130	1	0	0	19	6	2	0	2	3	2	0	25	4	0	0	17	91	54	0	766	71	23	0	481
06:35:00	23700	228	71	0	1597	16	7	0	139	2	0	0	21	2	1	0	3	4	4	0	25	1	0	0	18	111	38	0	839	92	21	0	552
06:40:00	24000	201	111	0	1687	9	8	0	140	1	0	0	22	1	3	0	1	7	5	0	27	1	0	0	19	104	62	0	881	78	33	0	597
06:45:00	24300	210	110	0	1787	15	9	0	146	1	0	0	23	5	2	0	4	3	4	0	26	1	0	0	20	101	55	0	927	84	40	0	641
06:50:00	24600	255	120	0	1922	13	3	0	156	3	0	0	26	3	5	0	2	4	9	0	21	2	0	0	22	128	70	0	985	102	33	0	710
06:55:00	24900	219	133	0	2008	8	7	0	157	1	0	0	27	7	4	0	5	3	3	0	21	3	0	0	25	120	70	0	1035	77	49	0	738
07:00:00	25200	279	152	0	2135	9	7	0	159	0	0	0	27	5	8	0	2	8	2	0	27	3	0	0	28	171	82	0	1124	83	53	0	768
07:05:00	25500	312	135	0	2312	20	11	0	168	4	0	0	31	4	3	0	3	10	1	0	36	2	0	0	30	189	61	0	1252	83	59	0	792
07:10:00	25800	395	163	0	2544	21	11	0	178	3	0	0	34	7	3	0	7	7	4	0	39	2	0	0	32	242	83	0	1411	113	62	0	843
07:15:00	26100	444	162	0	2826	19	14	0	183	7	0	0	41	5	4	0	8	3	3	0	39	2	0	0	34	282	94	0	1599	126	47	0	922
07:20:00	26400	478	196	0	3108	19	16	0	186	2	0	0	43	3	7	0	4	14	6	0	47	2	0	0	36	289	111	0	1777	149	56	0	1015
07:25:00	26700	491	219	0	3380	14	10	0	190	6	0	0	49	4	5	0	3	8	9	0	46	2	0	0	38	297	136	0	1938	160	59	0	1116
07:30:00	27000	466	266	0	3580	19	17	0	192	3	0	0	52	3	1	0	5	13	8	0	51	3	0	0	41	269	138	0	2069	156	102	0	1170
07:35:00	27300	484	206	0	3858	21	12	0	201	8	0	0	60	4	1	0	8	5	6	0	50	3	0	0	44	255	119	0	2205	188	68	0	1290
07:40:00	27600	538	250	0	4146	27	8	0	220	2	0	0	62	11	6	0	13	12	5	0	57	1	0	0	45	287	140	0	2352	198	91	0	1397
07:45:00	27900	536	293	0	4389	24	9	0	235	8	0	0	70	9	8	0	14	18	8	0	67	1	0	0	46	293	176	0	2469	183	92	0	1488
07:50:00	28200	546	293	0	4642	23	12	0	246	5	0	0	75	7	7	0	14	6	5	0	68	2	0	0	48	332	171	0	2630	171	98	0	1561
07:55:00	28500	529	328	0	4843	22	13	0	255	3	0	0	78	9	10	0	13	8	4	0	72	2	0	0	50	321	189	0	2762	164	112	0	1613
08:00:00	28800	506	349	0	5000	15	20	0	250	8	0	0	86	7	3	0	17	7	8	0	71	0	0	0	50	304	186	0	2880	165	132	0	1646
08:05:00	29100	490	343	0	5147	18	16	0	252	5	0	0	91	8	7	0	18	9	7	0	73	1	0	0	51	278	188	0	2970	171	125	0	1692
08:10:00	29400	559	353	0	5353	12	11	0	253	1	0	0	92	4	6	0	16	12	8	0	77	0	0	0	51	343	194	0	3119	187	134	0	1745
08:15:00	29700	540	401	0	5492	15	19	0	249	3	0	0	95	7	5	0	18	8	8	0	77	1	0	0	52	332	220	0	3231	174	149	0	1770
08:20:00	30000	562	395	0	5659	12	17	0	244	2	0	0	97	6	6	0	18	10	4	0	83	1	0	0	53	343	239	0	3335	188	129	0	1829
08:25:00	30300	526	449	0	5736	17	13	0	248	5	0	0	102	6	3	0	21	12	6	0	89	1	0	0	54	332	262	0	3405	153	165	0	1817
08:30:00	30600	542	446	0	5832	17	24	0	241	4	0	0	106	10	6	0	25	8	8	0	89	1	0	0	55	338	222	0	3521	164	186	0	1795
08:35:00	30900	581	426	0	5987	14	13	0	242	2	0	0	108	6	6	0	25	13	8	0	94	2	0	0	57	365	231	0	3655	179	168	0	1806
08:40:00	31200	539	448	0	6078	21	25	0	238	1	0	0	109	8	7	0	26	7	6	0	95	1	0	0	58	332	237	0	3750	169	173	0	1802
08:45:00	31500	581	523	0	6136	16	27	0	227	3	0	0	112	8	8	0	26	12	7	0	100	2	0	0	60	356	279	0	3827	184	202	0	1784
08:50:00	31800	580	465	0	6251	18	16	0	229	2	0	0	114	11	5	0	32	11	4	0	107	0	0	0	60	389	289	0	3927	149	151	0	1782
08:55:00	32100	609	563	0	6297	21	29	0	221	2	0	0	116	17	10	0	39	6	10	0	103	0	0	0	60	417	314	0	4030	146	200	0	1728
09:00:00	32400	517	593	0	6221	10	25	0	206	2	0	0	118	6	12	0	33	9	6	0	106	0	0	0	60	329	361	0	3998	161	189	0	1700
09:05:00	32700	444	508	0	6157	10	20	0	196	2	0	0	120	5	8	0	30	12	8	0	110	1	0	0	61	268	302	0	3964	146	170	0	1676
09:10:00	33000	422	482	0	6097	8	15	0	189	0	0	0	120	5	3	0	32	11	9	0	112	0	0	0	61	252	290	0	3926	146	165	0	1657
09:15:00	33300	391	501	0	5987	5	19	0	175	1	0	0	121	5	5	0	32	7	10	0	109	1	0	0	62	244	292	0	3878	128	175	0	1610
09:20:00	33600	368	427	0	5928	8	12	0	171	1	0	0	122	7	9	0	30	3	7	0	105	1	0	0	63	237	236	0	3879	111	163	0	1558
09:25:00	33900	342	495	0	5775	10	18	0	163	0	0	0	122	5	3	0	32	8	7	0	106	3	0	0	66	233	293	0	3819	83	174	0	1467
09:30:00	34200	303	468	0	5610	2	14	0	151	1	0	0	123	3	4	0	31	5	7	0	104	0	0	0	66	217	255	0	3781	75	188	0	1354
09:35:00	34500	305	423	0	5492	3	18	0	136	0	0	0	123	7	7	0	31	7	7	0	104	2	0	0	68	200	247	0	3734	86	144	0	1296
09:40:00	34800	303	406	0	5389	8	14	0	130	0	0	0	123	7	5	0	33	6	3	0	107	2	0	0	70	205	232	0	3707	75	152	0	1219
09:45:00	35100	280	461	0	5208	3	13	0	120	0	0	0	123	2	4	0	31	4	8	0	103	0	0	0	70	195	268	0	3634	76	168	0	1127
09:50:00	35400	308	415	0	5101	4	8	0	116	0	0	0	123	4	2	0	33	4	7	0	100	0	0	0	70	211	257	0	3588	85	141	0	1071
09:55:00	35700	312	400	0	5013	8	17	0	107	0	0	0	123	6	4	0	35	11	8	0	103	0	0	0	70	215	233	0	3570	72	138	0	1005
10:00:00	36000	288	418	0	4883	9	17	0	99	2	0	0	125	5	7	0	33	6	6	0	103	0	0	0	70	194	245	0	3519	72	143	0	934
10:05:00	36300	282	366	0	4799	10	10	0	99	0	0	0	125	7	0	0	40	9	2	0	110	0	0	0	70	181	243	0	3457	75	111	0	898
10:10:00	36600	267	377	0	4689	4	15	0	88	0	0	0	125	3	9	0	34	6	7	0	109	2	0	0	72	170	233	0	3394	82	113	0	867
10:15:00	36900	294	390	0	4593	13	12	0	89	1	0	0	126	8	5	0	37	6	8	0	107	0	0	0	72	192	238	0	3348	74	127	0	814
10:20:00	37200	294	349	0	4538	9	15	0	83	1	0	0	127	6	7	0	36	7	6	0	108	0	0	0	72	194	229	0	3313	77	92	0	799
10:25:00	37500	262	373	0	4427	8	10	0	81	0	0	0	127	6	5	0	37	6	4	0	110	0	0	0	72	189	270	0	3232	53	84	0	768
10:30:00	37800	295	344	0	4378	5	4	0	82	0	0	0	127	8	4	0	41	2	5	0	107	0	0	0	72	199	220	0	3211	81	111	0	738
10:35:00	38100	273	353	0	4298	11	4	0	89	0	0	0	127	6	10	0	37	13	5	0	115	1	0	0	73	183	242	0	3152	59	92	0	705
10:40:00	38400	305	378	0	4225	3	15	0	77	1	0	0	128	4	3	0	38	11	7	0	119	1	0	0	74	211	249	0	3114	74	104	0	675
10:45:00	38700	336	371	0	4190	8	11	0	74	1	0	0	129	10	7	0	41	6	7	0	118	0	0	0	74	233	249	0	3098	78	97	0	656
10:50:00	39000	318	385	0	4123	13	8	0	79	1	0	0	130	8	5	0	44	5	6	0	117	0	0	0	74	236	265	0	3069	55	101	0	610
10:55:00	39300	357	416	0	4064	12	10	0	81	0	0	0	130	10	7	0	47	7	3	0	121	0	0	0	74	249	298	0	3020	79	98	0	591
11:00:00	39600	339	382	0	4021	9	10	0	80	3	0	0	133	10	8	0	49	6	6	0	121	0	0	0	74	227	276	0	2971	84	82	0	593
11:05:00	39900	288	335	0	3974	13	9	0	84	0	0	0	133	5	12	0	42	5	4	0	122	0	0	0	74	198	226	0	2943	67	84	0	576
11:10:00	40200	317	357	0	3934	8	7	0	85	1	0	0	134	6	7	0	41	5	7	0	120	0	0	0	74	219	233	0	2929	78	103	0	551
11:15:00	40500	296	306	0	3924	4	13	0	76	1	0	0	135	5	6	0	40	9	3	0	126	2	0	0	76	202	216	0	2915	73	68	0	556
11:20:00	40800	327	356	0	3895	7	10	0	73	0	0	0	135	6	6	0	40	8	5	0	129	0	0	0	76	240	254	0	2901	66	81	0	541
11:25:00	41100	335	396	0	3834	13	13	0	73	0	0	0	135	7	7	0	40	11	9	0	131	0	0	0	76	224	281	0	2844	80	86	0	535
11:30:00	41400	302	364	0	3772	7	6	0	74	0	0	0	135	5	6	0	39	8	8	0	131	0	0	0	76	196	258	0	2782	86	86	0	535
11:35:00	41700	320	315	0	3777	6	10	0	70	1	0	0	136	5	5	0	39	10	3	0	138	0	0	0	76	224	227	0	2779	74	70	0	539
11:40:00	42000	368	335	0	3810	9	11	0	68	0	0	0	136	6	3	0	42	8	6	0	140	0	0	0	76	254	237	0	2796	91	78	0	552
11:45:00	42300	318	361	0	3767	16	14	0	70	0	0	0	136	3	7	0	38	4	9	0	135	1	0	0	77	224	261	0	2759	70	70	0	552
11:50:00	42600	365	351	0	3781	13	6	0	77	1	0	0	137	7	4	0	41	9	6	0	138	0	0	0	77	252	253	0	2758	83	82	0	553
11:55:00	42900	382	388	0	3775	17	11	0	83	0	0	0	137	10	3	0	48	8	8	0	138	2	0	0	79	273	285	0	2746	72	81	0	544
12:00:00	43200	339	394	0	3720	14	7	0	90	0	0	0	137	5	6	0	47	6	4	0	140	0	0	0	79	242	297	0	2691	72	80	0	536
12:05:00	43500	329	355	0	3694	11	8	0	93	1	0	0	138	3	7	0	43	7	9	0	138	0	0	0	79	235	246	0	2680	72	85	0	523
12:10:00	43800	340	351	0	3683	15	16	0	92	0	0	0	138	8	4	0	47	6	4	0	140	0	0	0	79	237	240	0	2677	74	87	0	510
12:15:00	44100	352	343	0	3692	14	11	0	95	0	0	0	138	5	7	0	45	9	5	0	144	1	0	0	80	255	243	0	2689	68	77	0	501
12:20:00	44400	372	351	0	3713	17	13	0	99	0	0	0	138	0	1	0	44	8	4	0	148	0	0	0	80	273	259	0	2703	74	74	0	501
12:25:00	44700	376	358	0	3731	12	7	0	104	0	0	0	138	3	4	0	43	9	10	0	147	0	0	0	80	269	269	0	2703	83	68	0	516
12:30:00	45000	362	399	0	3694	11	19	0	96	0	0	0	138	1	3	0	41	5	10	0	142	0	0	0	80	250	275	0	2678	95	92	0	519
12:35:00	45300	337	338	0	3693	8	12	0	92	1	0	0	139	9	1	0	49	7	8	0	141	0	0	0	80	222	242	0	2658	90	75	0	534
12:40:00	45600	336	348	0	3681	12	11	0	93	0	0	0	139	4	5	0	48	2	6	0	137	1	0	0	81	241	232	0	2667	76	94	0	516
12:45:00	45900	344	354	0	3671	9	9	0	93	1	0	0	140	4	10	0	42	6	4	0	139	0	0	0	81	250	254	0	2663	74	77	0	513
12:50:00	46200	383	352	0	3702	13	13	0	93	2	0	0	142	6	3	0	45	9	4	0	144	1	0	0	82	272	263	0	2672	80	69	0	524
12:55:00	46500	363	374	0	3691	12	15	0	90	0	0	0	142	11	5	0	51	4	5	0	143	0	0	0	82	257	261	0	2668	79	88	0	515
13:00:00	46800	351	343	0	3699	6	15	0	81	1	0	0	143	3	6	0	48	7	9	0	141	0	0	0	82	252	252	0	2668	82	61	0	536
13:05:00	47100	361	364	0	3696	13	10	0	84	0	0	0	143	3	4	0	47	6	5	0	142	1	0	0	83	266	261	0	2673	72	84	0	524
13:10:00	47400	363	378	0	3681	9	18	0	75	1	0	0	144	3	3	0	47	4	5	0	141	0	0	0	83	260	270	0	2663	86	82	0	528
13:15:00	47700	368	350	0	3699	12	9	0	78	0	0	0	144	5	2	0	50	9	9	0	141	2	0	0	85	243	250	0	2656	97	80	0	545
13:20:00	48000	382	378	0	3703	12	15	0	75	0	0	0	144	11	6	0	55	17	7	0	151	0	0	0	85	272	267	0	2661	70	83	0	532
13:25:00	48300	381	398	0	3686	7	11	0	71	0	0	0	144	7	5	0	57	10	8	0	153	0	0	0	85	281	302	0	2640	76	72	0	536
13:30:00	48600	417	375	0	3728	19	7	0	83	1	0	0	145	8	6	0	59	4	6	0	151	1	0	0	86	288	264	0	2664	96	92	0	540
13:35:00	48900	369	355	0	3742	14	9	0	88	2	0	0	147	5	5	0	59	9	4	0	156	1	0	0	87	250	263	0	2651	88	74	0	554
13:40:00	49200	383	386	0	3739	14	11	0	91	0	0	0	147	7	7	0	59	8	12	0	152	0	0	0	87	255	256	0	2650	99	100	0	553
13:45:00	49500	395	370	0	3764	17	16	0	92	1	0	0	148	8	6	0	61	10	2	0	160	0	0	0	87	287	256	0	2681	72	90	0	535
13:50:00	49800	470	423	0	3811	17	20	0	89	1	0	0	149	6	8	0	59	7	5	0	162	0	0	0	87	348	304	0	2725	91	86	0	540
13:55:00	50100	503	413	0	3901	8	11	0	86	0	0	0	149	7	6	0	60	7	8	0	161	1	0	0	88	397	309	0	2813	83	79	0	544
14:00:00	50400	443	446	0	3898	16	12	0	90	0	0	0	149	7	9	0	58	6	5	0	162	0	0	0	88	311	340	0	2784	103	80	0	567
14:05:00	50700	422	412	0	3908	18	18	0	90	0	0	0	149	15	5	0	68	9	8	0	163	0	0	0	88	287	293	0	2778	93	88	0	572
14:10:00	51000	400	388	0	3920	16	15	0	91	0	0	0	149	6	11	0	63	8	8	0	163	2	0	0	90	261	261	0	2778	107	93	0	586
14:15:00	51300	471	373	0	4018	14	6	0	99	0	0	0	149	6	7	0	62	8	4	0	167	0	0	0	90	336	258	0	2856	107	98	0	595
14:20:00	51600	431	410	0	4039	24	15	0	108	0	0	0	149	8	5	0	65	2	6	0	163	0	0	0	90	303	309	0	2850	94	75	0	614
14:25:00	51900	390	415	0	4014	10	16	0	102	0	0	0	149	7	6	0	66	3	8	0	158	0	0	0	90	284	290	0	2844	86	95	0	605
14:30:00	52200	430	383	0	4061	11	20	0	93	0	0	0	149	6	9	0	63	10	4	0	164	0	0	0	90	306	257	0	2893	97	93	0	609
14:35:00	52500	403	399	0	4065	15	14	0	94	0	0	0	149	7	5	0	65	13	4	0	173	2	0	0	92	282	290	0	2885	84	86	0	607
14:40:00	52800	437	391	0	4111	20	17	0	97	0	0	0	149	4	4	0	65	5	6	0	172	0	0	0	92	328	281	0	2932	80	83	0	604
14:45:00	53100	410	385	0	4136	16	15	0	98	0	0	0	149	7	5	0	67	7	7	0	172	0	0	0	92	293	279	0	2946	87	79	0	612
14:50:00	53400	445	431	0	4150	15	22	0	91	0	0	0	149	9	5	0	71	9	5	0	176	2	0	0	94	328	296	0	2978	82	103	0	591
14:55:00	53700	502	417	0	4235	21	14	0	98	0	0	0	149	8	7	0	72	8	7	0	177	0	0	0	94	360	305	0	3033	105	84	0	612
15:00:00	54000	438	441	0	4232	18	17	0	99	0	0	0	149	12	13	0	71	9	6	0	180	0	0	0	94	300	319	0	3014	99	86	0	625
15:05:00	54300	442	410	0	4264	17	19	0	97	0	0	0	149	9	8	0	72	9	7	0	182	1	0	0	95	298	294	0	3018	108	82	0	651
15:10:00	54600	422	399	0	4287	16	13	0	100	1	0	0	150	4	3	0	73	12	10	0	184	0	1	0	94	287	285	0	3020	102	87	0	666
15:15:00	54900	453	408	0	4332	23	18	0	105	0	0	0	150	9	7	0	75	9	7	0	186	1	1	0	94	309	293	0	3036	102	82	0	686
15:20:00	55200	491	446	0	4377	18	21	0	102	0	0	0	150	5	4	0	76	6	7	0	185	0	0	0	94	351	302	0	3085	111	112	0	685
15:25:00	55500	453	419	0	4411	19	19	0	102	0	0	0	150	7	8	0	75	11	8	0	188	0	0	0	94	305	281	0	3109	111	103	0	693
15:30:00	55800	470	384	0	4497	19	16	0	105	0	0	0	150	9	7	0	77	1	6	0	183	0	0	0	94	321	272	0	3158	120	83	0	730
15:35:00	56100	467	402	0	4562	15	20	0	100	0	0	0	150	9	10	0	76	5	5	0	183	0	0	0	94	327	279	0	3206	111	88	0	753
15:40:00	56400	457	403	0	4616	9	15	0	94	0	0	0	150	9	5	0	80	13	6	0	190	0	0	0	94	310	292	0	3224	116	85	0	784
15:45:00	56700	495	479	0	4632	13	15	0	92	1	0	0	151	4	5	0	79	7	8	0	189	0	0	0	94	368	330	0	3262	102	121	0	765
15:50:00	57000	525	449	0	4708	11	13	0	90	0	0	0	151	8	9	0	78	13	6	0	196	0	0	0	94	386	332	0	3316	107	89	0	783
15:55:00	57300	548	480	0	4776	24	28	0	86	0	0	0	151	11	7	0	82	11	12	0	195	0	0	0	94	396	330	0	3382	106	103	0	786
16:00:00	57600	531	466	0	4841	19	22	0	83	0	0	0	151	6	7	0	81	6	10	0	191	0	0	0	94	363	335	0	3410	137	92	0	831
16:05:00	57900	490	464	0	4867	23	17	0	89	0	0	0	151	5	4	0	82	10	6	0	195	0	0	0	94	341	336	0	3415	111	101	0	841
16:10:00	58200	533	473	0	4927	28	20	0	97	0	0	0	151	9	7	0	84	4	7	0	192	0	0	0	94	346	328	0	3433	146	111	0	876
16:15:00	58500	537	432	0	5032	21	21	0	97	0	0	0	151	8	5	0	87	14	4	0	202	0	0	0	94	368	291	0	3510	126	111	0	891
16:20:00	58800	546	476	0	5102	16	20	0	93	0	0	0	151	5	9	0	83	6	9	0	199	1	0	0	95	396	339	0	3567	122	99	0	914
16:25:00	59100	483	476	0	5109	21	22	0	92	0	0	0	151	4	6	0	81	15	4	0	210	0	0	0	95	321	333	0	3555	122	111	0	925
16:30:00	59400	459	414	0	5154	23	16	0	99	0	0	0	151	3	4	0	80	8	7	0	211	0	0	0	95	311	293	0	3573	114	94	0	945
16:35:00	59700	490	470	0	5174	18	20	0	97	0	0	0	151	2	1	0	81	11	10	0	212	2	0	0	97	339	327	0	3585	118	112	0	951
16:40:00	60000	490	479	0	5185	24	28	0	93	1	0	0	152	5	3	0	83	10	11	0	211	0	0	0	97	322	325	0	3582	128	112	0	967
16:45:00	60300	488	490	0	5183	23	17	0	99	0	0	0	152	11	5	0	89	7	8	0	210	0	0	0	97	320	336	0	3566	127	124	0	970
16:50:00	60600	499	492	0	5190	14	21	0	92	0	0	0	152	8	5	0	92	10	12	0	208	1	0	0	98	345	320	0	3591	121	134	0	957
16:55:00	60900	533	482	0	5241	21	19	0	94	0	0	0	152	13	11	0	94	10	8	0	210	0	0	0	98	373	335	0	3629	116	109	0	964
17:00:00	61200	479	488	0	5232	16	19	0	91	0	0	0	152	9	14	0	89	10	5	0	215	1	0	0	99	325	345	0	3609	118	105	0	977
17:05:00	61500	521	470	0	5283	26	30	0	87	0	0	0	152	7	7	0	89	9	3	0	221	0	0	0	99	348	310	0	3647	131	120	0	988
17:10:00	61800	530	495	0	5318	20	24	0	83	2	0	0	154	5	4	0	90	14	6	0	229	0	0	0	99	362	327	0	3682	127	134	0	981
17:15:00	62100	543	448	0	5413	32	22	0	93	0	0	0	154	8	3	0	95	11	5	0	235	1	0	0	100	341	313	0	3710	150	105	0	1026
17:20:00	62400	535	492	0	5456	28	23	0	98	0	0	0	154	6	8	0	93	10	9	0	236	0	0	0	100	368	320	0	3758	123	132	0	1017
17:25:00	62700	529	471	0	5514	26	25	0	99	0	0	0	154	4	8	0	89	5	10	0	231	1	0	0	101	359	308	0	3809	134	120	0	1031
17:30:00	63000	551	483	0	5582	24	21	0	102	0	0	0	154	10	7	0	92	15	11	0	235	1	0	0	102	359	335	0	3833	142	109	0	1064
17:35:00	63300	587	494	0	5675	20	25	0	97	0	0	0	154	7	6	0	93	14	9	0	240	0	0	0	102	396	328	0	3901	150	126	0	1088
17:40:00	63600	549	530	0	5694	32	28	0	101	1	0	0	155	11	6	0	98	8	11	0	237	0	0	0	102	373	349	0	3925	124	136	0	1076
17:45:00	63900	551	479	0	5766	21	23	0	99	0	0	0	155	6	5	0	99	9	11	0	235	0	0	0	102	399	314	0	4010	116	126	0	1066
17:50:00	64200	607	579	0	5794	24	24	0	99	0	0	0	155	16	13	0	102	12	5	0	242	0	0	0	102	414	406	0	4018	141	131	0	1076
17:55:00	64500	653	542	0	5905	30	24	0	105	0	0	0	155	10	7	0	105	11	8	0	245	0	0	0	102	470	377	0	4111	132	126	0	1082
18:00:00	64800	556	545	0	5916	32	20	0	117	0	0	0	155	9	13	0	101	11	12	0	244	2	0	0	104	369	395	0	4085	133	105	0	1110
18:05:00	65100	596	511	0	6001	19	22	0	114	0	0	0	155	8	7	0	102	18	13	0	249	0	0	0	104	397	350	0	4132	154	119	0	1145
18:10:00	65400	492	454	0	6039	23	27	0	110	0	0	0	155	8	6	0	104	9	7	0	251	0	0	0	104	315	312	0	4135	137	102	0	1180
18:15:00	65700	564	489	0	6114	30	26	0	114	1	0	0	156	5	6	0	103	7	6	0	252	0	0	0	104	396	332	0	4199	125	119	0	1186
18:20:00	66000	534	517	0	6131	31	26	0	119	0	0	0	156	5	6	0	102	4	10	0	246	0	0	0	104	397	351	0	4245	97	124	0	1159
18:25:00	66300	555	518	0	6168	20	24	0	115	1	0	0	157	7	4	0	105	12	11	0	247	0	0	0	104	382	324	0	4303	133	155	0	1137
18:30:00	66600	558	550	0	6176	25	33	0	107	0	0	0	157	4	6	0	103	11	5	0	253	0	0	0	104	383	371	0	4315	135	135	0	1137
18:35:00	66900	557	532	0	6201	28	28	0	107	0	0	0	157	7	5	0	105	8	9	0	252	0	0	0	104	400	352	0	4363	114	138	0	1113
18:40:00	67200	526	566	0	6161	25	25	0	107	1	0	0	158	4	4	0	105	8	12	0	248	0	1	0	103	374	389	0	4348	114	135	0	1092
18:45:00	67500	549	509	0	6201	32	27	0	112	0	0	0	158	7	4	0	108	10	7	0	251	0	0	0	103	389	347	0	4390	111	124	0	1079
18:50:00	67800	620	559	0	6262	36	40	0	108	0	0	0	158	11	3	0	116	6	10	0	247	0	0	0	103	450	390	0	4450	117	116	0	1080
18:55:00	68100	630	573	0	6319	33	32	0	109	0	0	0	158	6	9	0	113	13	9	0	251	1	0	0	104	461	415	0	4496	116	108	0	1088
19:00:00	68400	443	576	0	6186	18	29	0	98	0	0	0	158	3	11	0	105	6	5	0	252	2	0	0	106	301	380	0	4417	113	151	0	1050
19:05:00	68700	421	485	0	6122	20	21	0	97	1	0	0	159	5	5	0	105	8	12	0	248	1	0	0	107	279	322	0	4374	107	125	0	1032
19:10:00	69000	432	477	0	6077	24	26	0	95	0	0	0	159	4	4	0	105	6	9	0	245	0	0	0	107	304	301	0	4377	94	137	0	989
19:15:00	69300	383	459	0	6001	32	39	0	88	0	0	0	159	6	2	0	109	9	4	0	250	2	0	0	109	251	302	0	4326	83	112	0	960
19:20:00	69600	377	420	0	5958	14	23	0	79	0	0	0	159	3	5	0	107	12	8	0	254	0	0	0	109	256	271	0	4311	92	113	0	939
19:25:00	69900	350	395	0	5913	17	22	0	74	0	0	0	159	7	4	0	110	7	4	0	257	0	0	0	109	253	261	0	4303	66	104	0	901
19:30:00	70200	284	441	0	5756	14	33	0	55	0	0	0	159	3	5	0	108	6	13	0	250	0	0	0	109	207	267	0	4243	54	123	0	832
19:35:00	70500	298	428	0	5626	14	18	0	51	0	0	0	159	7	4	0	111	3	7	0	246	0	0	0	109	216	284	0	4175	58	115	0	775
19:40:00	70800	313	378	0	5561	21	20	0	52	0	0	0	159	6	6	0	111	9	5	0	250	0	0	0	109	213	251	0	4137	64	96	0	743
19:45:00	71100	320	425	0	5456	20	26	0	46	0	0	0	159	4	5	0	110	3	5	0	248	0	0	0	109	234	291	0	4080	59	98	0	704
19:50:00	71400	302	401	0	5357	18	31	0	33	0	0	0	159	6	5	0	111	8	7	0	249	0	0	0	109	218	255	0	4043	52	103	0	653
19:55:00	71700	331	394	0	5294	22	22	0	33	0	0	0	159	0	5	0	106	4	5	0	248	0	0	0	109	253	273	0	4023	52	89	0	616
20:00:00	72000	319	414	0	5199	15	23	0	25	0	0	0	159	4	4	0	106	9	8	0	249	1	0	0	110	230	276	0	3977	60	103	0	573
20:05:00	72300	243	362	0	5080	14	22	0	17	0	0	0	159	0	2	0	104	4	3	0	250	0	0	0	110	170	234	0	3913	55	101	0	527
20:10:00	72600	263	351	0	4992	11	9	0	19	0	0	0	159	1	1	0	104	8	6	0	252	0	0	0	110	191	240	0	3864	52	95	0	484
20:15:00	72900	267	325	0	4934	18	19	0	18	0	0	0	159	3	0	0	107	6	3	0	255	0	0	0	110	195	229	0	3830	45	74	0	455
20:20:00	73200	279	328	0	4885	18	20	0	16	0	0	0	159	0	3	0	104	8	9	0	254	0	0	0	110	192	228	0	3794	61	68	0	448
20:25:00	73500	258	352	0	4791	15	14	0	17	0	0	0	159	6	1	0	109	2	8	0	248	0	0	0	110	201	257	0	3738	34	72	0	410
20:30:00	73800	251	345	0	4697	23	23	0	17	0	0	0	159	8	4	0	113	5	3	0	250	0	0	0	110	167	231	0	3674	48	84	0	374
20:35:00	74100	253	320	0	4630	17	22	0	12	0	0	0	159	2	5	0	110	7	4	0	253	0	0	0	110	192	231	0	3635	35	58	0	351
20:40:00	74400	280	362	0	4548	22	21	0	13	0	0	0	159	4	2	0	112	5	4	0	254	0	0	0	110	220	270	0	3585	29	65	0	315
20:45:00	74700	254	315	0	4487	17	17	0	13	1	0	0	160	4	4	0	112	6	4	0	256	0	0	0	110	182	230	0	3537	44	60	0	299
20:50:00	75000	263	314	0	4436	14	20	0	7	0	0	0	160	5	5	0	112	7	6	0	257	0	0	0	110	207	223	0	3521	30	60	0	269
20:55:00	75300	267	310	0	4393	16	18	0	5	0	0	0	160	6	4	0	114	8	4	0	261	1	0	0	111	187	226	0	3482	49	58	0	260
21:00:00	75600	258	308	0	4343	15	15	0	5	0	0	0	160	4	5	0	113	3	5	0	259	0	0	0	111	178	233	0	3427	58	50	0	268
21:05:00	75900	251	328	0	4266	24	24	0	5	0	0	0	160	4	3	0	114	12	7	0	264	0	0	0	111	171	239	0	3359	40	55	0	253
21:10:00	76200	243	295	0	4214	9	19	0	-5	0	0	0	160	8	7	0	115	6	9	0	261	0	0	0	111	182	210	0	3331	38	50	0	241
21:15:00	76500	243	283	0	4174	11	13	0	-7	0	0	0	160	1	5	0	111	8	3	0	266	1	0	0	112	184	223	0	3292	38	39	0	240
21:20:00	76800	213	269	0	4118	15	19	0	-11	0	0	0	160	6	4	0	113	9	8	0	267	0	0	0	112	153	197	0	3248	30	41	0	229
21:25:00	77100	241	289	0	4070	18	23	0	-16	0	0	0	160	4	6	0	111	5	6	0	266	0	0	0	112	173	199	0	3222	41	55	0	215
21:30:00	77400	197	269	0	3998	15	16	0	-17	0	0	0	160	3	2	0	112	4	6	0	264	0	0	0	112	151	186	0	3187	24	59	0	180
21:35:00	77700	205	259	0	3944	9	10	0	-18	0	0	0	160	5	3	0	114	9	4	0	269	0	0	0	112	153	180	0	3160	29	62	0	147
21:40:00	78000	219	252	0	3911	12	11	0	-17	0	0	0	160	5	5	0	114	7	8	0	268	0	0	0	112	168	180	0	3148	27	48	0	126
21:45:00	78300	260	259	0	3912	21	13	0	-9	0	0	0	160	4	4	0	114	9	7	0	270	0	0	0	112	193	188	0	3153	33	47	0	112
21:50:00	78600	209	276	0	3845	14	12	0	-7	0	0	0	160	1	2	0	113	9	7	0	272	0	0	0	112	151	215	0	3089	34	40	0	106
21:55:00	78900	260	259	0	3846	13	11	0	-5	0	0	0	160	3	2	0	114	14	13	0	273	0	0	0	112	198	197	0	3090	32	36	0	102
22:00:00	79200	198	268	0	3776	14	17	0	-8	0	0	0	160	5	5	0	114	11	11	0	273	0	0	0	112	129	199	0	3020	39	36	0	105
22:05:00	79500	222	270	0	3728	10	10	0	-8	0	0	0	160	1	2	0	113	8	10	0	271	0	0	0	112	168	211	0	2977	35	37	0	103
22:10:00	79800	158	244	0	3642	8	15	0	-15	0	0	0	160	3	2	0	114	4	8	0	267	0	0	0	112	121	183	0	2915	22	36	0	89
22:15:00	80100	182	232	0	3592	12	14	0	-17	0	0	0	160	6	3	0	117	3	3	0	267	0	0	0	112	134	181	0	2868	27	31	0	85
22:20:00	80400	121	189	0	3524	8	9	0	-18	0	0	0	160	3	6	0	114	4	2	0	269	0	0	0	112	97	143	0	2822	9	29	0	65
22:25:00	80700	128	212	0	3440	3	11	0	-26	0	0	0	160	2	3	0	113	2	5	0	266	0	0	0	112	107	153	0	2776	14	40	0	39
22:30:00	81000	127	218	0	3349	9	10	0	-27	0	0	0	160	1	2	0	112	1	5	0	262	0	0	0	112	101	171	0	2706	15	30	0	24
22:35:00	81300	95	171	0	3273	4	9	0	-32	0	0	0	160	1	1	0	112	2	2	0	262	0	0	0	112	78	130	0	2654	10	29	0	5
22:40:00	81600	110	200	0	3183	5	12	0	-39	0	0	0	160	4	3	0	113	0	1	0	261	0	0	0	112	89	136	0	2607	12	48	0	-31
22:45:00	81900	92	186	0	3089	1	7	0	-45	0	0	0	160	2	1	0	114	0	1	0	260	0	0	0	112	85	142	0	2550	4	35	0	-62
22:50:00	82200	93	181	0	3001	8	7	0	-44	0	0	0	160	1	2	0	113	0	1	0	259	0	0	0	112	74	136	0	2488	10	35	0	-87
22:55:00	82500	103	163	0	2941	8	9	0	-45	0	0	0	160	3	1	0	115	2	0	0	261	0	0	0	112	81	132	0	2437	9	21	0	-99
23:00:00	82800	115	172	0	2884	8	9	0	-46	0	0	0	160	1	2	0	114	2	2	0	261	0	0	0	112	91	131	0	2397	13	28	0	-114
23:05:00	83100	110	167	0	2827	7	8	0	-47	0	0	0	160	1	3	0	112	1	1	0	261	1	0	0	113	92	126	0	2363	8	29	0	-135
23:10:00	83400	94	156	0	2765	6	8	0	-49	0	0	0	160	0	0	0	112	3	2	0	262	1	0	0	114	75	123	0	2315	9	23	0	-149
23:15:00	83700	90	166	0	2689	7	8	0	-50	0	0	0	160	1	0	0	113	4	0	0	266	0	0	0	114	74	138	0	2251	4	20	0	-165
23:20:00	84000	108	160	0	2637	6	10	0	-54	0	0	0	160	0	0	0	113	1	4	0	263	0	0	0	114	98	129	0	2220	3	17	0	-179
23:25:00	84300	94	172	0	2559	8	8	0	-54	0	0	0	160	3	3	0	113	0	2	0	261	0	0	0	114	81	142	0	2159	2	17	0	-194
23:30:00	84600	77	140	0	2496	6	6	0	-54	0	0	0	160	0	0	0	113	2	1	0	262	0	0	0	114	64	122	0	2101	5	11	0	-200
23:35:00	84900	93	141	0	2448	3	3	0	-54	0	0	0	160	2	2	0	113	0	1	0	261	0	0	0	114	85	114	0	2072	3	21	0	-218
23:40:00	85200	96	127	0	2417	7	7	0	-54	0	0	0	160	3	3	0	113	2	1	0	262	0	1	0	113	79	101	0	2050	5	14	0	-227
23:45:00	85500	79	136	0	2360	3	6	0	-57	0	0	0	160	1	2	0	112	3	2	0	263	0	0	0	113	72	112	0	2010	0	14	0	-241
23:50:00	85800	87	149	0	2298	3	8	0	-62	0	0	0	160	4	1	0	115	0	1	0	262	0	0	0	113	79	127	0	1962	1	12	0	-252
23:55:00	86100	81	122	0	2257	11	8	0	-59	0	0	0	160	2	3	0	114	0	2	0	260	1	0	0	114	64	101	0	1925	3	8	0	-257
24:00:00	86400	120	135	0	2242	5	4	0	-58	0	0	0	160	1	2	0	113	3	1	0	262	0	0	0	114	110	116	0	1919	1	12	0	-268
24:05:00	86700	52	138	0	2156	2	5	0	-61	0	0	0	160	2	1	0	114	1	3	0	260	0	0	0	114	45	120	0	1844	2	9	0	-275
24:10:00	87000	31	102	0	2085	3	5	0	-63	0	0	0	160	3	4	0	113	1	2	0	259	0	0	0	114	22	87	0	1779	2	4	0	-277
24:15:00	87300	35	111	0	2009	3	3	0	-63	0	0	0	160	0	1	0	112	0	0	0	259	0	0	0	114	30	102	0	1707	2	5	0	-280
24:20:00	87600	33	95	0	1947	0	1	0	-64	0	0	0	160	0	0	0	112	0	0	0	259	0	1	0	113	32	89	0	1650	1	4	0	-283
24:25:00	87900	27	82	0	1892	1	2	0	-65	0	0	0	160	0	0	0	112	0	0	0	259	0	0	0	113	25	77	0	1598	1	3	0	-285
24:30:00	88200	22	76	0	1838	3	3	0	-65	0	0	0	160	0	0	0	112	0	0	0	259	0	0	0	113	19	72	0	1545	0	1	0	-286
24:35:00	88500	16	57	0	1797	3	2	0	-64	0	0	0	160	0	0	0	112	0	0	0	259	0	0	0	113	13	53	0	1505	0	2	0	-288
24:40:00	88800	17	80	0	1734	3	5	0	-66	0	0	0	160	0	0	0	112	0	0	0	259	0	0	0	113	14	71	0	1448	0	4	0	-292
24:45:00	89100	17	84	0	1667	2	3	0	-67	0	0	0	160	0	0	0	112	0	0	0	259	0	0	0	113	15	80	0	1383	0	1	0	-293
24:50:00	89400	15	74	0	1608	1	5	0	-71	0	0	0	160	0	0	0	112	0	0	0	259	0	0	0	113	14	67	0	1330	0	2	0	-295
24:55:00	89700	19	73	0	1554	0	2	0	-73	0	0	0	160	0	0	0	112	0	0	0	259	0	0	0	113	19	67	0	1282	0	4	0	-299
25:00:00	90000	16	66	0	1504	0	3	0	-76	0	0	0	160	0	0	0	112	0	0	0	259	0	0	0	113	16	62	0	1236	0	1	0	-300
25:05:00	90300	26	66	0	1464	0	2	0	-78	0	0	0	160	0	0	0	112	0	0	0	259	0	0	0	113	26	63	0	1199	0	1	0	-301
25:10:00	90600	13	65	0	1412	2	2	0	-78	0	0	0	160	0	0	0	112	0	0	0	259	0	0	0	113	11	62	0	1148	0	1	0	-302
25:15:00	90900	18	53	0	1377	2	1	0	-77	0	0	0	160	0	0	0	112	0	0	0	259	0	0	0	113	16	52	0	1112	0	0	0	-302
25:20:00	91200	17	61	0	1333	0	0	0	-77	0	0	0	160	0	0	0	112	0	0	0	259	0	0	0	113	17	61	0	1068	0	0	0	-302
25:25:00	91500	10	53	0	1290	0	1	0	-78	0	0	0	160	0	0	0	112	0	0	0	259	0	0	0	113	10	52	0	1026	0	0	0	-302
25:30:00	91800	13	54	0	1249	0	0	0	-78	0	0	0	160	0	0	0	112	0	0	0	259	0	0	0	113	13	53	0	986	0	1	0	-303
25:35:00	92100	19	71	0	1197	3	3	0	-78	0	0	0	160	0	0	0	112	0	0	0	259	0	0	0	113	16	68	0	934	0	0	0	-303
25:40:00	92400	8	53	0	1152	1	1	0	-78	0	0	0	160	0	0	0	112	0	0	0	259	0	0	0	113	7	52	0	889	0	0	0	-303
25:45:00	92700	13	58	0	1107	2	1	0	-77	0	0	0	160	0	0	0	112	0	0	0	259	0	0	0	113	11	57	0	843	0	0	0	-303
25:50:00	93000	15	54	0	1068	1	2	0	-78	0	0	0	160	0	0	0	112	0	0	0	259	0	0	0	113	14	52	0	805	0	0	0	-303
25:55:00	93300	14	46	0	1036	0	0	0	-78	0	0	0	160	0	0	0	112	0	0	0	259	0	0	0	113	14	46	0	773	0	0	0	-303
26:00:00	93600	8	47	0	997	0	1	0	-79	0	0	0	160	0	0	0	112	0	0	0	259	0	0	0	113	8	46	0	735	0	0	0	-303
26:05:00	93900	14	42	0	969	0	0	0	-79	0	0	0	160	0	0	0	112	0	0	0	259	0	0	0	113	14	42	0	707	0	0	0	-303
26:10:00	94200	11	36	0	944	0	0	0	-79	0	0	0	160	0	0	0	112	0	0	0	259	0	0	0	113	11	36	0	682	0	0	0	-303
26:15:00	94500	11	34	0	921	1	1	0	-79	0	0	0	160	0	0	0	112	0	0	0	259	0	0	0	113	10	33	0	659	0	0	0	-303
26:20:00	94800	11	36	0	896	2	4	0	-81	0	0	0	160	0	0	0	112	0	0	0	259	0	0	0	113	9	32	0	636	0	0	0	-303
26:25:00	95100	18	47	0	867	2	1	0	-80	0	0	0	160	0	0	0	112	0	0	0	259	0	0	0	113	16	46	0	606	0	0	0	-303
26:30:00	95400	11	25	0	853	1	1	0	-80	0	0	0	160	0	0	0	112	0	0	0	259	0	0	0	113	10	24	0	592	0	0	0	-303
26:35:00	95700	7	39	0	821	1	1	0	-80	0	0	0	160	0	0	0	112	0	0	0	259	0	0	0	113	6	38	0	560	0	0	0	-303
26:40:00	96000	9	25	0	805	0	0	0	-80	0	0	0	160	0	0	0	112	0	0	0	259	0	0	0	113	9	25	0	544	0	0	0	-303
26:45:00	96300	5	27	0	783	3	1	0	-78	0	0	0	160	0	0	0	112	0	0	0	259	0	0	0	113	2	26	0	520	0	0	0	-303
26:50:00	96600	6	18	0	771	0	0	0	-78	0	0	0	160	0	0	0	112	0	0	0	259	0	0	0	113	6	18	0	508	0	0	0	-303
26:55:00	96900	8	39	0	740	0	0	0	-78	0	0	0	160	0	0	0	112	0	0	0	259	0	0	0	113	8	39	0	477	0	0	0	-303
27:00:00	97200	4	22	0	722	1	0	0	-77	0	0	0	160	0	0	0	112	0	0	0	259	0	0	0	113	3	22	0	458	0	0	0	-303
27:05:00	97500	4	27	0	699	0	0	0	-77	0	0	0	160	0	0	0	112	0	0	0	259	0	0	0	113	4	27	0	435	0	0	0	-303
27:10:00	97800	5	17	0	687	1	1	0	-77	0	0	0	160	0	0	0	112	0	0	0	259	0	0	0	113	4	16	0	423	0	0	0	-303
27:15:00	98100	4	23	0	668	1	0	0	-76	0	0	0	160	0	0	0	112	0	0	0	259	0	0	0	113	3	23	0	403	0	0	0	-303
27:20:00	98400	5	27	0	646	0	2	0	-78	0	0	0	160	0	0	0	112	0	0	0	259	0	0	0	113	5	25	0	383	0	0	0	-303
27:25:00	98700	4	18	0	632	3	1	0	-76	0	0	0	160	0	0	0	112	0	0	0	259	0	0	0	113	1	17	0	367	0	0	0	-303
27:30:00	99000	8	21	0	619	0	1	0	-77	0	0	0	160	0	0	0	112	0	0	0	259	0	0	0	113	8	20	0	355	0	0	0	-303
27:35:00	99300	5	25	0	599	2	2	0	-77	0	0	0	160	0	0	0	112	0	0	0	259	0	0	0	113	3	23	0	335	0	0	0	-303
27:40:00	99600	4	16	0	587	0	0	0	-77	0	0	0	160	0	0	0	112	0	0	0	259	0	0	0	113	4	16	0	323	0	0	0	-303
27:45:00	99900	7	19	0	575	2	1	0	-76	0	0	0	160	0	0	0	112	0	0	0	259	0	0	0	113	5	18	0	310	0	0	0	-303
27:50:00	100200	6	12	0	569	1	1	0	-76	0	0	0	160	0	0	0	112	0	0	0	259	0	0	0	113	5	11	0	304	0	0	0	-303
27:55:00	100500	8	16	0	561	2	2	0	-76	0	0	0	160	0	0	0	112	0	0	0	259	0	0	0	113	6	14	0	296	0	0	0	-303
28:00:00	100800	7	16	0	552	1	1	0	-76	0	0	0	160	0	0	0	112	0	0	0	259	0	0	0	113	6	15	0	287	0	0	0	-303
28:05:00	101100	7	20	0	539	0	0	0	-76	0	0	0	160	0	0	0	112	0	0	0	259	0	0	0	113	7	20	0	274	0	0	0	-303
28:10:00	101400	5	17	0	527	0	2	0	-78	0	0	0	160	0	0	0	112	0	0	0	259	0	0	0	113	5	15	0	264	0	0	0	-303
28:15:00	101700	4	20	0	511	0	0	0	-78	0	0	0	160	0	0	0	112	0	0	0	259	0	0	0	113	4	20	0	248	0	0	0	-303
28:20:00	102000	6	13	0	504	1	1	0	-78	0	0	0	160	0	0	0	112	0	0	0	259	0	0	0	113	5	12	0	241	0	0	0	-303
28:25:00	102300	5	19	0	490	2	2	0	-78	0	0	0	160	0	0	0	112	0	0	0	259	0	0	0	113	3	17	0	227	0	0	0	-303
28:30:00	102600	4	14	0	480	0	0	0	-78	0	0	0	160	0	0	0	112	0	0	0	259	0	0	0	113	4	14	0	217	0	0	0	-303
28:35:00	102900	3	7	0	476	0	1	0	-79	0	0	0	160	0	0	0	112	0	0	0	259	0	0	0	113	3	6	0	214	0	0	0	-303
28:40:00	103200	5	17	0	464	1	1	0	-79	0	0	0	160	0	0	0	112	0	0	0	259	0	0	0	113	4	16	0	202	0	0	0	-303
28:45:00	103500	3	13	0	454	0	0	0	-79	0	0	0	160	0	0	0	112	0	0	0	259	0	0	0	113	3	13	0	192	0	0	0	-303
28:50:00	103800	2	9	0	447	0	0	0	-79	0	0	0	160	0	0	0	112	0	0	0	259	0	0	0	113	2	9	0	185	0	0	0	-303
28:55:00	104100	1	11	0	437	0	0	0	-79	0	0	0	160	0	0	0	112	0	0	0	259	0	0	0	113	1	11	0	175	0	0	0	-303
29:00:00	104400	2	9	0	430	0	0	0	-79	0	0	0	160	0	0	0	112	0	0	0	259	0	0	0	113	2	9	0	168	0	0	0	-303
29:05:00	104700	2	8	0	424	1	1	0	-79	0	0	0	160	0	0	0	112	0	0	0	259	0	0	0	113	1	7	0	162	0	0	0	-303
29:10:00	105000	3	9	0	418	0	0	0	-79	0	0	0	160	0	0	0	112	0	0	0	259	0	0	0	113	3	9	0	156	0	0	0	-303
29:15:00	105300	7	14	0	411	1	1	0	-79	0	0	0	160	0	0	0	112	0	0	0	259	0	0	0	113	6	13	0	149	0	0	0	-303
29:20:00	105600	7	15	0	403	1	1	0	-79	0	0	0	160	0	0	0	112	0	0	0	259	0	0	0	113	6	14	0	141	0	0	0	-303
29:25:00	105900	5	12	0	396	0	0	0	-79	0	0	0	160	0	0	0	112	0	0	0	259	0	0	0	113	5	12	0	134	0	0	0	-303
29:30:00	106200	3	7	0	392	0	0	0	-79	0	0	0	160	0	0	0	112	0	0	0	259	0	0	0	113	3	7	0	130	0	0	0	-303
29:35:00	106500	2	9	0	385	0	0	0	-79	0	0	0	160	0	0	0	112	0	0	0	259	0	0	0	113	2	9	0	123	0	0	0	-303
29:40:00	106800	1	6	0	380	0	0	0	-79	0	0	0	160	0	0	0	112	0	0	0	259	0	0	0	113	1	6	0	118	0	0	0	-303
29:45:00	107100	3	6	0	377	0	0	0	-79	0	0	0	160	0	0	0	112	0	0	0	259	0	0	0	113	3	6	0	115	0	0	0	-303
29:50:00	107400	4	10	0	371	0	1	0	-80	0	0	0	160	0	0	0	112	0	0	0	259	0	0	0	113	4	9	0	110	0	0	0	-303
29:55:00	107700	4	12	0	363	1	1	0	-80	0	0	0	160	0	0	0	112	0	0	0	259	0	0	0	113	3	11	0	102	0	0	0	-303
30:00:00	108000	0	0	0	363	0	0	0	-80	0	0	0	160	0	0	0	112	0	0	0	259	0	0	0	113	0	0	0	102	0	0	0	-303
30:05:00	108300	0	0	0	363	0	0	0	-80	0	0	0	160	0	0	0	112	0	0	0	259	0	0	0	113	0	0	0	102	0	0	0	-303
