time	time	departures_all	arrivals_all	stuck_all	en-route_all	departures_car	arrivals_car	stuck_car	en-route_car	departures_drive_transit	arrivals_drive_transit	stuck_drive_transit	en-route_drive_transit	departures_ride_hail	arrivals_ride_hail	stuck_ride_hail	en-route_ride_hail	departures_ride_hail_pooled	arrivals_ride_hail_pooled	stuck_ride_hail_pooled	en-route_ride_hail_pooled	departures_ride_hail_transit	arrivals_ride_hail_transit	stuck_ride_hail_transit	en-route_ride_hail_transit	departures_walk	arrivals_walk	stuck_walk	en-route_walk	departures_walk_transit	arrivals_walk_transit	stuck_walk_transit	en-route_walk_transit
00:00:00	0	0	0	0	0	0	0	0	0	0	0	0	0	0	0	0	0	0	0	0	0	0	0	0	0	0	0	0	0	0	0	0	0
00:05:00	300	0	0	0	0	0	0	0	0	0	0	0	0	0	0	0	0	0	0	0	0	0	0	0	0	0	0	0	0	0	0	0	0
00:10:00	600	0	0	0	0	0	0	0	0	0	0	0	0	0	0	0	0	0	0	0	0	0	0	0	0	0	0	0	0	0	0	0	0
00:15:00	900	0	0	0	0	0	0	0	0	0	0	0	0	0	0	0	0	0	0	0	0	0	0	0	0	0	0	0	0	0	0	0	0
00:20:00	1200	0	0	0	0	0	0	0	0	0	0	0	0	0	0	0	0	0	0	0	0	0	0	0	0	0	0	0	0	0	0	0	0
00:25:00	1500	0	0	0	0	0	0	0	0	0	0	0	0	0	0	0	0	0	0	0	0	0	0	0	0	0	0	0	0	0	0	0	0
00:30:00	1800	0	0	0	0	0	0	0	0	0	0	0	0	0	0	0	0	0	0	0	0	0	0	0	0	0	0	0	0	0	0	0	0
00:35:00	2100	0	0	0	0	0	0	0	0	0	0	0	0	0	0	0	0	0	0	0	0	0	0	0	0	0	0	0	0	0	0	0	0
00:40:00	2400	0	0	0	0	0	0	0	0	0	0	0	0	0	0	0	0	0	0	0	0	0	0	0	0	0	0	0	0	0	0	0	0
00:45:00	2700	0	0	0	0	0	0	0	0	0	0	0	0	0	0	0	0	0	0	0	0	0	0	0	0	0	0	0	0	0	0	0	0
00:50:00	3000	0	0	0	0	0	0	0	0	0	0	0	0	0	0	0	0	0	0	0	0	0	0	0	0	0	0	0	0	0	0	0	0
00:55:00	3300	0	0	0	0	0	0	0	0	0	0	0	0	0	0	0	0	0	0	0	0	0	0	0	0	0	0	0	0	0	0	0	0
01:00:00	3600	0	0	0	0	0	0	0	0	0	0	0	0	0	0	0	0	0	0	0	0	0	0	0	0	0	0	0	0	0	0	0	0
01:05:00	3900	0	0	0	0	0	0	0	0	0	0	0	0	0	0	0	0	0	0	0	0	0	0	0	0	0	0	0	0	0	0	0	0
01:10:00	4200	0	0	0	0	0	0	0	0	0	0	0	0	0	0	0	0	0	0	0	0	0	0	0	0	0	0	0	0	0	0	0	0
01:15:00	4500	0	0	0	0	0	0	0	0	0	0	0	0	0	0	0	0	0	0	0	0	0	0	0	0	0	0	0	0	0	0	0	0
01:20:00	4800	0	0	0	0	0	0	0	0	0	0	0	0	0	0	0	0	0	0	0	0	0	0	0	0	0	0	0	0	0	0	0	0
01:25:00	5100	0	0	0	0	0	0	0	0	0	0	0	0	0	0	0	0	0	0	0	0	0	0	0	0	0	0	0	0	0	0	0	0
01:30:00	5400	0	0	0	0	0	0	0	0	0	0	0	0	0	0	0	0	0	0	0	0	0	0	0	0	0	0	0	0	0	0	0	0
01:35:00	5700	0	0	0	0	0	0	0	0	0	0	0	0	0	0	0	0	0	0	0	0	0	0	0	0	0	0	0	0	0	0	0	0
01:40:00	6000	0	0	0	0	0	0	0	0	0	0	0	0	0	0	0	0	0	0	0	0	0	0	0	0	0	0	0	0	0	0	0	0
01:45:00	6300	0	0	0	0	0	0	0	0	0	0	0	0	0	0	0	0	0	0	0	0	0	0	0	0	0	0	0	0	0	0	0	0
01:50:00	6600	0	0	0	0	0	0	0	0	0	0	0	0	0	0	0	0	0	0	0	0	0	0	0	0	0	0	0	0	0	0	0	0
01:55:00	6900	0	0	0	0	0	0	0	0	0	0	0	0	0	0	0	0	0	0	0	0	0	0	0	0	0	0	0	0	0	0	0	0
02:00:00	7200	0	0	0	0	0	0	0	0	0	0	0	0	0	0	0	0	0	0	0	0	0	0	0	0	0	0	0	0	0	0	0	0
02:05:00	7500	0	0	0	0	0	0	0	0	0	0	0	0	0	0	0	0	0	0	0	0	0	0	0	0	0	0	0	0	0	0	0	0
02:10:00	7800	0	0	0	0	0	0	0	0	0	0	0	0	0	0	0	0	0	0	0	0	0	0	0	0	0	0	0	0	0	0	0	0
02:15:00	8100	0	0	0	0	0	0	0	0	0	0	0	0	0	0	0	0	0	0	0	0	0	0	0	0	0	0	0	0	0	0	0	0
02:20:00	8400	0	0	0	0	0	0	0	0	0	0	0	0	0	0	0	0	0	0	0	0	0	0	0	0	0	0	0	0	0	0	0	0
02:25:00	8700	0	0	0	0	0	0	0	0	0	0	0	0	0	0	0	0	0	0	0	0	0	0	0	0	0	0	0	0	0	0	0	0
02:30:00	9000	0	0	0	0	0	0	0	0	0	0	0	0	0	0	0	0	0	0	0	0	0	0	0	0	0	0	0	0	0	0	0	0
02:35:00	9300	0	0	0	0	0	0	0	0	0	0	0	0	0	0	0	0	0	0	0	0	0	0	0	0	0	0	0	0	0	0	0	0
02:40:00	9600	0	0	0	0	0	0	0	0	0	0	0	0	0	0	0	0	0	0	0	0	0	0	0	0	0	0	0	0	0	0	0	0
02:45:00	9900	0	0	0	0	0	0	0	0	0	0	0	0	0	0	0	0	0	0	0	0	0	0	0	0	0	0	0	0	0	0	0	0
02:50:00	10200	0	0	0	0	0	0	0	0	0	0	0	0	0	0	0	0	0	0	0	0	0	0	0	0	0	0	0	0	0	0	0	0
02:55:00	10500	0	0	0	0	0	0	0	0	0	0	0	0	0	0	0	0	0	0	0	0	0	0	0	0	0	0	0	0	0	0	0	0
03:00:00	10800	0	0	0	0	0	0	0	0	0	0	0	0	0	0	0	0	0	0	0	0	0	0	0	0	0	0	0	0	0	0	0	0
03:05:00	11100	0	0	0	0	0	0	0	0	0	0	0	0	0	0	0	0	0	0	0	0	0	0	0	0	0	0	0	0	0	0	0	0
03:10:00	11400	0	0	0	0	0	0	0	0	0	0	0	0	0	0	0	0	0	0	0	0	0	0	0	0	0	0	0	0	0	0	0	0
03:15:00	11700	0	0	0	0	0	0	0	0	0	0	0	0	0	0	0	0	0	0	0	0	0	0	0	0	0	0	0	0	0	0	0	0
03:20:00	12000	0	0	0	0	0	0	0	0	0	0	0	0	0	0	0	0	0	0	0	0	0	0	0	0	0	0	0	0	0	0	0	0
03:25:00	12300	0	0	0	0	0	0	0	0	0	0	0	0	0	0	0	0	0	0	0	0	0	0	0	0	0	0	0	0	0	0	0	0
03:30:00	12600	0	0	0	0	0	0	0	0	0	0	0	0	0	0	0	0	0	0	0	0	0	0	0	0	0	0	0	0	0	0	0	0
03:35:00	12900	0	0	0	0	0	0	0	0	0	0	0	0	0	0	0	0	0	0	0	0	0	0	0	0	0	0	0	0	0	0	0	0
03:40:00	13200	0	0	0	0	0	0	0	0	0	0	0	0	0	0	0	0	0	0	0	0	0	0	0	0	0	0	0	0	0	0	0	0
03:45:00	13500	0	0	0	0	0	0	0	0	0	0	0	0	0	0	0	0	0	0	0	0	0	0	0	0	0	0	0	0	0	0	0	0
03:50:00	13800	0	0	0	0	0	0	0	0	0	0	0	0	0	0	0	0	0	0	0	0	0	0	0	0	0	0	0	0	0	0	0	0
03:55:00	14100	0	0	0	0	0	0	0	0	0	0	0	0	0	0	0	0	0	0	0	0	0	0	0	0	0	0	0	0	0	0	0	0
04:00:00	14400	0	0	0	0	0	0	0	0	0	0	0	0	0	0	0	0	0	0	0	0	0	0	0	0	0	0	0	0	0	0	0	0
04:05:00	14700	0	0	0	0	0	0	0	0	0	0	0	0	0	0	0	0	0	0	0	0	0	0	0	0	0	0	0	0	0	0	0	0
04:10:00	15000	0	0	0	0	0	0	0	0	0	0	0	0	0	0	0	0	0	0	0	0	0	0	0	0	0	0	0	0	0	0	0	0
04:15:00	15300	0	0	0	0	0	0	0	0	0	0	0	0	0	0	0	0	0	0	0	0	0	0	0	0	0	0	0	0	0	0	0	0
04:20:00	15600	0	0	0	0	0	0	0	0	0	0	0	0	0	0	0	0	0	0	0	0	0	0	0	0	0	0	0	0	0	0	0	0
04:25:00	15900	0	0	0	0	0	0	0	0	0	0	0	0	0	0	0	0	0	0	0	0	0	0	0	0	0	0	0	0	0	0	0	0
04:30:00	16200	0	0	0	0	0	0	0	0	0	0	0	0	0	0	0	0	0	0	0	0	0	0	0	0	0	0	0	0	0	0	0	0
04:35:00	16500	0	0	0	0	0	0	0	0	0	0	0	0	0	0	0	0	0	0	0	0	0	0	0	0	0	0	0	0	0	0	0	0
04:40:00	16800	0	0	0	0	0	0	0	0	0	0	0	0	0	0	0	0	0	0	0	0	0	0	0	0	0	0	0	0	0	0	0	0
04:45:00	17100	0	0	0	0	0	0	0	0	0	0	0	0	0	0	0	0	0	0	0	0	0	0	0	0	0	0	0	0	0	0	0	0
04:50:00	17400	0	0	0	0	0	0	0	0	0	0	0	0	0	0	0	0	0	0	0	0	0	0	0	0	0	0	0	0	0	0	0	0
04:55:00	17700	0	0	0	0	0	0	0	0	0	0	0	0	0	0	0	0	0	0	0	0	0	0	0	0	0	0	0	0	0	0	0	0
05:00:00	18000	24	3	0	21	4	0	0	4	0	0	0	0	0	0	0	0	0	0	0	0	0	0	0	0	20	3	0	17	0	0	0	0
05:05:00	18300	29	5	0	45	2	0	0	6	1	0	0	1	0	0	0	0	1	0	0	1	0	0	0	0	25	5	0	37	0	0	0	0
05:10:00	18600	66	6	0	105	7	0	0	13	1	0	0	2	1	0	0	1	1	0	0	2	0	0	0	0	50	6	0	81	6	0	0	6
05:15:00	18900	65	7	0	163	8	0	0	21	1	0	0	3	0	1	0	0	0	0	0	2	2	0	0	2	45	6	0	120	9	0	0	15
05:20:00	19200	76	15	0	224	9	0	0	30	1	0	0	4	2	0	0	2	1	1	0	2	0	0	0	2	47	14	0	153	16	0	0	31
05:25:00	19500	87	17	0	294	5	0	0	35	1	0	0	5	0	2	0	0	1	1	0	2	0	0	0	2	58	14	0	197	22	0	0	53
05:30:00	19800	84	10	0	368	7	0	0	42	1	0	0	6	2	0	0	2	0	0	0	2	1	0	0	3	43	8	0	232	30	2	0	81
05:35:00	20100	94	20	0	442	7	2	0	47	0	0	0	6	1	2	0	1	2	0	0	4	1	0	0	4	48	15	0	265	35	1	0	115
05:40:00	20400	82	30	0	494	9	0	0	56	1	0	0	7	1	2	0	0	1	2	0	3	0	0	0	4	37	23	0	279	33	3	0	145
05:45:00	20700	103	25	0	572	11	0	0	67	2	0	0	9	2	1	0	1	1	0	0	4	1	0	0	5	57	23	0	313	29	1	0	173
05:50:00	21000	105	36	0	641	9	2	0	74	0	0	0	9	0	2	0	-1	1	1	0	4	0	0	0	5	68	28	0	353	27	3	0	197
05:55:00	21300	108	40	0	709	4	0	0	78	1	0	0	10	3	0	0	2	1	0	0	5	0	0	0	5	71	32	0	392	28	8	0	217
06:00:00	21600	153	60	0	802	12	1	0	89	1	0	0	11	2	1	0	3	1	2	0	4	0	0	0	5	92	41	0	443	45	15	0	247
06:05:00	21900	138	54	0	886	10	3	0	96	1	0	0	12	1	4	0	0	4	2	0	6	0	0	0	5	86	37	0	492	36	8	0	275
06:10:00	22200	157	51	0	992	11	3	0	104	2	0	0	14	1	1	0	0	5	1	0	10	0	0	0	5	90	34	0	548	48	12	0	311
06:15:00	22500	168	55	0	1105	14	7	0	111	2	0	0	16	2	1	0	1	1	0	0	11	1	0	0	6	89	34	0	603	59	13	0	357
06:20:00	22800	202	64	0	1243	11	4	0	118	1	0	0	17	1	2	0	0	1	4	0	8	0	0	0	6	110	28	0	685	78	26	0	409
06:25:00	23100	194	81	0	1356	12	5	0	125	1	0	0	18	1	3	0	-2	1	3	0	6	0	0	0	6	122	51	0	756	57	19	0	447
06:30:00	23400	181	87	0	1450	13	7	0	131	1	0	0	19	2	2	0	-2	2	0	0	8	0	0	0	6	91	54	0	793	72	24	0	495
06:35:00	23700	226	70	0	1606	16	7	0	140	2	0	0	21	0	1	0	-3	1	2	0	7	3	0	0	9	110	39	0	864	94	21	0	568
06:40:00	24000	212	105	0	1713	9	8	0	141	1	0	0	22	2	1	0	-2	4	1	0	10	2	0	0	11	114	61	0	917	80	34	0	614
06:45:00	24300	211	111	0	1813	15	9	0	147	1	0	0	23	2	1	0	-1	3	1	0	12	0	0	0	11	103	59	0	961	87	41	0	660
06:50:00	24600	251	114	0	1950	13	4	0	156	3	0	0	26	0	2	0	-3	1	1	0	12	0	0	0	11	129	75	0	1015	105	32	0	733
06:55:00	24900	215	135	0	2030	8	7	0	157	1	0	0	27	2	2	0	-3	2	1	0	13	0	0	0	11	123	76	0	1062	79	49	0	763
07:00:00	25200	280	151	0	2159	9	8	0	158	0	0	0	27	0	0	0	-3	2	2	0	13	0	0	0	11	181	87	0	1156	88	54	0	797
07:05:00	25500	304	141	0	2322	20	12	0	166	4	0	0	31	1	0	0	-2	5	2	0	16	0	0	0	11	192	66	0	1282	82	61	0	818
07:10:00	25800	392	165	0	2549	22	11	0	177	3	0	0	34	3	0	0	1	4	1	0	19	2	0	0	13	242	87	0	1437	116	66	0	868
07:15:00	26100	442	170	0	2821	20	14	0	183	7	0	0	41	2	2	0	1	4	4	0	19	2	0	0	15	282	101	0	1618	125	49	0	944
07:20:00	26400	476	196	0	3101	19	16	0	186	2	0	0	43	0	3	0	-2	2	1	0	20	0	0	0	15	301	118	0	1801	152	58	0	1038
07:25:00	26700	487	215	0	3373	14	10	0	190	6	0	0	49	3	2	0	-1	0	4	0	16	1	0	0	16	296	139	0	1958	167	60	0	1145
07:30:00	27000	468	264	0	3577	19	18	0	191	3	0	0	52	1	2	0	-2	5	3	0	18	1	0	0	17	277	139	0	2096	162	102	0	1205
07:35:00	27300	494	211	0	3860	22	10	0	203	8	0	0	60	1	1	0	-2	3	0	0	21	0	0	0	17	262	126	0	2232	198	74	0	1329
07:40:00	27600	543	254	0	4149	27	8	0	222	2	0	0	62	3	4	0	-3	4	2	0	23	1	0	0	18	304	146	0	2390	202	94	0	1437
07:45:00	27900	542	283	0	4408	25	9	0	238	8	0	0	70	5	0	0	2	1	1	0	23	2	0	0	20	310	179	0	2521	191	94	0	1534
07:50:00	28200	542	293	0	4657	26	12	0	252	5	0	0	75	2	2	0	2	3	3	0	23	0	0	0	20	334	178	0	2677	172	98	0	1608
07:55:00	28500	526	328	0	4855	22	13	0	261	3	0	0	78	2	1	0	3	8	3	0	28	0	0	0	20	325	200	0	2802	166	111	0	1663
08:00:00	28800	511	357	0	5009	15	20	0	256	8	0	0	86	4	1	0	6	2	5	0	25	0	0	0	20	307	193	0	2916	175	138	0	1700
08:05:00	29100	492	344	0	5157	16	16	0	256	5	0	0	91	2	2	0	6	7	3	0	29	0	0	0	20	287	193	0	3010	175	130	0	1745
08:10:00	29400	550	349	0	5358	12	11	0	257	1	0	0	92	1	1	0	6	2	2	0	29	0	0	0	20	347	197	0	3160	187	138	0	1794
08:15:00	29700	536	397	0	5497	15	19	0	253	3	0	0	95	2	4	0	4	4	3	0	30	1	0	0	21	332	220	0	3272	179	151	0	1822
08:20:00	30000	568	391	0	5674	13	16	0	250	3	0	0	98	4	3	0	5	4	4	0	30	0	0	0	21	346	238	0	3380	198	130	0	1890
08:25:00	30300	524	450	0	5748	17	14	0	253	6	0	0	104	1	3	0	3	4	1	0	33	0	0	0	21	336	267	0	3449	160	165	0	1885
08:30:00	30600	541	441	0	5848	17	26	0	244	4	0	0	108	4	2	0	5	5	5	0	33	0	0	0	21	347	224	0	3572	164	184	0	1865
08:35:00	30900	575	430	0	5993	15	15	0	244	2	0	0	110	2	4	0	3	6	2	0	37	1	0	0	22	366	236	0	3702	183	173	0	1875
08:40:00	31200	549	447	0	6095	21	23	0	242	1	0	0	111	4	1	0	6	3	4	0	36	0	0	0	22	346	246	0	3802	174	173	0	1876
08:45:00	31500	566	514	0	6147	16	25	0	233	4	0	0	115	4	2	0	8	2	4	0	34	1	0	0	23	355	283	0	3874	184	200	0	1860
08:50:00	31800	579	486	0	6240	18	18	0	233	2	0	0	117	2	4	0	6	6	4	0	36	0	0	0	23	400	306	0	3968	151	154	0	1857
08:55:00	32100	605	561	0	6284	20	29	0	224	2	0	0	119	1	3	0	4	1	0	0	37	0	0	0	23	428	323	0	4073	153	206	0	1804
09:00:00	32400	523	582	0	6225	10	25	0	209	2	0	0	121	3	2	0	5	4	4	0	37	0	0	0	23	337	358	0	4052	167	193	0	1778
09:05:00	32700	452	509	0	6168	10	20	0	199	2	0	0	123	2	2	0	5	2	4	0	35	1	0	0	24	283	315	0	4020	152	168	0	1762
09:10:00	33000	417	486	0	6099	8	15	0	192	0	0	0	123	1	2	0	4	5	2	0	38	0	0	0	24	255	297	0	3978	148	170	0	1740
09:15:00	33300	386	489	0	5996	6	20	0	178	1	0	0	124	0	0	0	4	1	1	0	38	4	0	0	28	245	287	0	3936	129	181	0	1688
09:20:00	33600	374	425	0	5945	8	12	0	174	1	0	0	125	2	0	0	6	2	3	0	37	2	0	0	30	244	241	0	3939	115	169	0	1634
09:25:00	33900	338	494	0	5789	10	19	0	165	0	0	0	125	2	3	0	5	2	3	0	36	1	0	0	31	239	294	0	3884	84	175	0	1543
09:30:00	34200	307	468	0	5628	3	16	0	152	1	0	0	126	2	2	0	5	3	3	0	36	0	0	0	31	222	255	0	3851	76	192	0	1427
09:35:00	34500	309	423	0	5514	3	16	0	139	0	0	0	126	3	2	0	6	4	3	0	37	0	0	0	31	209	253	0	3807	90	149	0	1368
09:40:00	34800	306	404	0	5416	8	15	0	132	0	0	0	126	0	1	0	5	1	0	0	38	1	0	0	32	220	236	0	3791	76	152	0	1292
09:45:00	35100	275	466	0	5225	3	12	0	123	0	0	0	126	0	2	0	3	2	3	0	37	0	0	0	32	193	275	0	3709	77	174	0	1195
09:50:00	35400	307	417	0	5115	5	11	0	117	0	0	0	126	1	0	0	4	3	5	0	35	0	0	0	32	213	259	0	3663	85	142	0	1138
09:55:00	35700	315	391	0	5039	8	15	0	110	0	0	0	126	2	1	0	5	8	3	0	40	0	0	0	32	218	230	0	3651	79	142	0	1075
10:00:00	36000	286	406	0	4919	8	15	0	103	2	0	0	128	1	0	0	6	1	1	0	40	0	0	0	32	196	244	0	3603	78	146	0	1007
10:05:00	36300	277	379	0	4817	9	10	0	102	0	0	0	128	2	3	0	5	1	5	0	36	0	0	0	32	188	248	0	3543	77	113	0	971
10:10:00	36600	269	377	0	4709	5	15	0	92	0	0	0	128	3	4	0	4	2	1	0	37	2	0	0	34	170	243	0	3470	87	114	0	944
10:15:00	36900	292	383	0	4618	14	12	0	94	1	0	0	129	2	0	0	6	3	2	0	38	0	0	0	34	201	243	0	3428	71	126	0	889
10:20:00	37200	296	352	0	4562	9	16	0	87	1	0	0	130	1	3	0	4	2	3	0	37	0	0	0	34	203	238	0	3393	80	92	0	877
10:25:00	37500	262	372	0	4452	9	10	0	86	0	0	0	130	3	1	0	6	2	1	0	38	0	0	0	34	192	274	0	3311	56	86	0	847
10:30:00	37800	303	351	0	4404	5	4	0	87	0	0	0	130	3	3	0	6	4	2	0	40	0	0	0	34	208	226	0	3293	83	116	0	814
10:35:00	38100	269	360	0	4313	11	4	0	94	0	0	0	130	3	4	0	5	6	1	0	45	0	0	0	34	189	252	0	3230	60	99	0	775
10:40:00	38400	307	381	0	4239	3	15	0	82	1	0	0	131	2	3	0	4	4	2	0	47	0	0	0	34	220	252	0	3198	77	109	0	743
10:45:00	38700	337	372	0	4204	8	12	0	78	1	0	0	132	4	3	0	5	4	4	0	47	2	0	0	36	237	255	0	3180	81	98	0	726
10:50:00	39000	319	392	0	4131	14	9	0	83	1	0	0	133	2	1	0	6	2	3	0	46	0	0	0	36	241	274	0	3147	59	105	0	680
10:55:00	39300	354	422	0	4063	12	9	0	86	0	0	0	133	5	3	0	8	1	4	0	43	0	0	0	36	250	307	0	3090	86	99	0	667
11:00:00	39600	343	384	0	4022	9	11	0	84	2	0	0	135	3	5	0	6	3	2	0	44	0	0	0	36	240	284	0	3046	86	82	0	671
11:05:00	39900	293	325	0	3990	13	9	0	88	0	0	0	135	6	3	0	9	3	1	0	46	0	0	0	36	202	226	0	3022	69	86	0	654
11:10:00	40200	326	359	0	3957	8	6	0	90	1	0	0	136	2	1	0	10	7	7	0	46	0	0	0	36	223	239	0	3006	85	106	0	633
11:15:00	40500	290	312	0	3935	4	14	0	80	1	0	0	137	2	5	0	7	2	1	0	47	1	0	0	37	206	221	0	2991	74	71	0	636
11:20:00	40800	327	355	0	3907	7	8	0	79	0	0	0	137	1	0	0	8	5	3	0	49	0	0	0	37	246	261	0	2976	68	83	0	621
11:25:00	41100	338	394	0	3851	14	13	0	80	0	0	0	137	2	4	0	6	3	4	0	48	0	0	0	37	240	285	0	2931	79	88	0	612
11:30:00	41400	302	367	0	3786	7	6	0	81	0	0	0	137	2	1	0	7	3	2	0	49	0	0	0	37	201	269	0	2863	89	89	0	612
11:35:00	41700	315	314	0	3787	8	10	0	79	1	0	0	138	3	3	0	7	2	1	0	50	0	0	0	37	225	228	0	2860	76	72	0	616
11:40:00	42000	369	344	0	3812	9	12	0	76	0	0	0	138	2	1	0	8	6	1	0	55	0	0	0	37	263	244	0	2879	89	86	0	619
11:45:00	42300	322	362	0	3772	17	15	0	78	0	0	0	138	1	1	0	8	1	3	0	53	0	0	0	37	232	269	0	2842	71	74	0	616
11:50:00	42600	364	350	0	3786	13	6	0	85	1	0	0	139	3	1	0	10	4	2	0	55	0	0	0	37	258	255	0	2845	85	86	0	615
11:55:00	42900	387	393	0	3780	17	11	0	91	0	0	0	139	4	3	0	11	1	3	0	53	1	0	0	38	282	288	0	2839	82	88	0	609
12:00:00	43200	341	396	0	3725	14	7	0	98	0	0	0	139	1	1	0	11	1	3	0	51	0	0	0	38	252	306	0	2785	73	79	0	603
12:05:00	43500	332	352	0	3705	11	8	0	101	1	0	0	140	3	2	0	12	6	1	0	56	0	0	0	38	232	250	0	2767	79	91	0	591
12:10:00	43800	340	355	0	3690	15	17	0	99	0	0	0	140	0	2	0	10	5	1	0	60	0	0	0	38	241	247	0	2761	79	88	0	582
12:15:00	44100	349	342	0	3697	14	11	0	102	0	0	0	140	1	1	0	10	5	4	0	61	0	0	0	38	258	244	0	2775	71	82	0	571
12:20:00	44400	369	352	0	3714	17	13	0	106	0	0	0	140	1	0	0	11	5	4	0	62	1	0	0	39	266	262	0	2779	79	73	0	577
12:25:00	44700	383	348	0	3749	12	7	0	111	0	0	0	140	1	1	0	11	4	2	0	64	0	0	0	39	276	271	0	2784	90	67	0	600
12:30:00	45000	360	397	0	3712	12	19	0	104	0	0	0	140	2	1	0	12	2	6	0	60	1	0	0	40	250	276	0	2758	93	95	0	598
12:35:00	45300	327	337	0	3702	8	14	0	98	1	0	0	141	0	1	0	11	2	5	0	57	1	0	0	41	224	242	0	2740	91	75	0	614
12:40:00	45600	336	347	0	3691	13	12	0	99	0	0	0	141	0	0	0	11	3	3	0	57	0	0	0	41	243	234	0	2749	77	98	0	593
12:45:00	45900	341	353	0	3679	10	9	0	100	1	0	0	142	3	1	0	13	5	2	0	60	0	0	0	41	248	258	0	2739	74	83	0	584
12:50:00	46200	379	351	0	3707	14	14	0	100	2	0	0	144	1	1	0	13	5	3	0	62	0	0	0	41	273	263	0	2749	84	70	0	598
12:55:00	46500	366	381	0	3692	13	18	0	95	0	0	0	144	5	2	0	16	4	4	0	62	0	0	0	41	262	269	0	2742	82	88	0	592
13:00:00	46800	352	349	0	3695	7	15	0	87	1	0	0	145	2	5	0	13	1	6	0	57	0	0	0	41	259	257	0	2744	82	66	0	608
13:05:00	47100	361	370	0	3686	13	9	0	91	0	0	0	145	4	2	0	15	2	1	0	58	0	0	0	41	266	276	0	2734	76	82	0	602
13:10:00	47400	363	379	0	3670	9	19	0	81	1	0	0	146	1	1	0	15	6	3	0	61	0	0	0	41	261	270	0	2725	85	86	0	601
13:15:00	47700	379	359	0	3690	12	9	0	84	0	0	0	146	1	4	0	12	2	1	0	62	1	0	0	42	265	258	0	2732	98	87	0	612
13:20:00	48000	362	378	0	3674	12	16	0	80	0	0	0	146	0	1	0	11	4	2	0	64	0	0	0	42	272	272	0	2732	74	87	0	599
13:25:00	48300	381	395	0	3660	7	11	0	76	0	0	0	146	2	0	0	13	1	4	0	61	0	0	0	42	292	307	0	2717	79	73	0	605
13:30:00	48600	417	359	0	3718	19	6	0	89	1	0	0	147	1	1	0	13	1	3	0	59	1	0	0	43	291	257	0	2751	103	92	0	616
13:35:00	48900	364	355	0	3727	14	7	0	96	2	0	0	149	4	2	0	15	3	3	0	59	0	0	0	43	251	269	0	2733	90	74	0	632
13:40:00	49200	391	377	0	3741	14	11	0	99	0	0	0	149	4	4	0	15	3	0	0	62	1	0	0	44	267	264	0	2736	102	98	0	636
13:45:00	49500	401	377	0	3765	16	16	0	99	1	0	0	150	3	4	0	14	6	0	0	68	0	0	0	44	301	267	0	2770	74	90	0	620
13:50:00	49800	462	419	0	3808	18	19	0	98	1	0	0	151	1	1	0	14	1	2	0	67	0	0	0	44	349	308	0	2811	92	89	0	623
13:55:00	50100	504	415	0	3897	8	11	0	95	0	0	0	151	2	2	0	14	4	4	0	67	1	0	0	45	403	315	0	2899	86	83	0	626
14:00:00	50400	447	457	0	3887	17	13	0	99	0	0	0	151	1	2	0	13	3	2	0	68	0	0	0	45	324	355	0	2868	102	85	0	643
14:05:00	50700	415	408	0	3894	21	19	0	101	0	0	0	151	2	1	0	14	1	3	0	66	0	0	0	45	291	294	0	2865	100	91	0	652
14:10:00	51000	393	372	0	3915	15	14	0	102	0	0	0	151	1	1	0	14	4	1	0	69	2	0	0	47	264	260	0	2869	107	96	0	663
14:15:00	51300	471	372	0	4014	15	6	0	111	0	0	0	151	1	1	0	14	2	3	0	68	1	0	0	48	341	262	0	2948	111	100	0	674
14:20:00	51600	440	413	0	4041	26	14	0	123	0	0	0	151	1	1	0	14	0	2	0	66	0	0	0	48	319	319	0	2948	94	77	0	691
14:25:00	51900	399	415	0	4025	10	16	0	117	0	0	0	151	3	1	0	16	2	2	0	66	0	0	0	48	293	301	0	2940	91	95	0	687
14:30:00	52200	432	382	0	4075	11	20	0	108	0	0	0	151	2	3	0	15	8	2	0	72	2	0	0	50	312	265	0	2987	97	92	0	692
14:35:00	52500	405	405	0	4075	15	16	0	107	0	0	0	151	3	2	0	16	4	0	0	76	1	0	0	51	298	299	0	2986	84	88	0	688
14:40:00	52800	437	401	0	4111	20	19	0	108	0	0	0	151	2	0	0	18	1	6	0	71	0	0	0	51	329	286	0	3029	85	90	0	683
14:45:00	53100	413	383	0	4141	16	14	0	110	0	0	0	151	4	1	0	21	3	2	0	72	0	0	0	51	300	286	0	3043	90	80	0	693
14:50:00	53400	444	430	0	4155	15	20	0	105	0	0	0	151	2	3	0	20	3	1	0	74	0	0	0	51	339	303	0	3079	85	103	0	675
14:55:00	53700	506	423	0	4238	21	14	0	112	0	0	0	151	5	3	0	22	2	2	0	74	0	0	0	51	370	318	0	3131	108	86	0	697
15:00:00	54000	424	438	0	4224	18	18	0	112	0	0	0	151	1	4	0	19	3	2	0	75	0	0	0	51	302	326	0	3107	100	88	0	709
15:05:00	54300	444	403	0	4265	17	18	0	111	0	0	0	151	3	1	0	21	5	2	0	78	1	0	0	52	309	298	0	3118	109	84	0	734
15:10:00	54600	403	390	0	4278	16	13	0	114	1	0	0	152	1	1	0	21	1	3	0	76	0	0	0	52	283	285	0	3116	101	88	0	747
15:15:00	54900	456	402	0	4332	25	19	0	120	0	0	0	152	3	1	0	23	2	3	0	75	0	0	0	52	317	294	0	3139	109	85	0	771
15:20:00	55200	496	445	0	4383	19	22	0	117	0	0	0	152	1	3	0	21	2	2	0	75	0	0	0	52	363	303	0	3199	111	115	0	767
15:25:00	55500	454	419	0	4418	19	18	0	118	0	0	0	152	5	4	0	22	2	2	0	75	0	0	0	52	317	287	0	3229	111	108	0	770
15:30:00	55800	476	380	0	4514	18	15	0	121	0	0	0	152	7	2	0	27	9	6	0	78	0	0	0	52	318	273	0	3274	124	84	0	810
15:35:00	56100	464	390	0	4588	15	20	0	116	0	0	0	152	1	3	0	25	3	0	0	81	0	0	0	52	334	275	0	3333	111	92	0	829
15:40:00	56400	465	412	0	4641	10	13	0	113	0	0	0	152	7	3	0	29	7	5	0	83	0	0	0	52	325	303	0	3355	116	88	0	857
15:45:00	56700	490	470	0	4661	14	14	0	113	1	0	0	153	2	3	0	28	5	4	0	84	0	0	0	52	361	329	0	3387	107	120	0	844
15:50:00	57000	515	450	0	4726	12	13	0	112	0	0	0	153	4	4	0	28	4	2	0	86	0	0	0	52	384	340	0	3431	111	91	0	864
15:55:00	57300	544	475	0	4795	24	31	0	105	0	0	0	153	5	2	0	31	0	3	0	83	0	0	0	52	405	334	0	3502	110	105	0	869
16:00:00	57600	543	479	0	4859	21	25	0	101	0	0	0	153	1	5	0	27	3	3	0	83	0	0	0	52	378	350	0	3530	140	96	0	913
16:05:00	57900	492	467	0	4884	21	20	0	102	0	0	0	153	4	0	0	31	5	3	0	85	0	0	0	52	347	341	0	3536	115	103	0	925
16:10:00	58200	534	468	0	4950	27	19	0	110	0	0	0	153	0	2	0	29	1	2	0	84	0	0	0	52	360	333	0	3563	146	112	0	959
16:15:00	58500	543	443	0	5050	22	21	0	111	0	0	0	153	2	3	0	28	6	1	0	89	0	0	0	52	383	306	0	3640	130	112	0	977
16:20:00	58800	544	476	0	5118	16	22	0	105	0	0	0	153	3	0	0	31	3	5	0	87	1	0	0	53	397	349	0	3688	124	100	0	1001
16:25:00	59100	482	476	0	5124	21	22	0	104	0	0	0	153	3	4	0	30	5	2	0	90	0	0	0	53	326	332	0	3682	127	116	0	1012
16:30:00	59400	451	407	0	5168	24	18	0	110	0	0	0	153	1	0	0	31	1	3	0	88	0	0	0	53	310	293	0	3699	115	93	0	1034
16:35:00	59700	490	461	0	5197	20	21	0	109	0	0	0	153	1	1	0	31	1	1	0	88	0	0	0	53	347	325	0	3721	121	113	0	1042
16:40:00	60000	494	479	0	5212	25	25	0	109	1	0	0	154	2	2	0	31	2	2	0	88	0	0	0	53	331	336	0	3716	133	114	0	1061
16:45:00	60300	490	508	0	5194	24	19	0	114	0	0	0	154	5	3	0	33	3	3	0	88	0	0	0	53	328	358	0	3686	130	125	0	1066
16:50:00	60600	501	486	0	5209	14	20	0	108	0	0	0	154	1	4	0	30	4	1	0	91	0	0	0	53	355	321	0	3720	127	140	0	1053
16:55:00	60900	535	488	0	5256	20	16	0	112	0	0	0	154	4	3	0	31	7	3	0	95	0	0	0	53	389	356	0	3753	115	110	0	1058
17:00:00	61200	477	482	0	5251	17	19	0	110	0	0	0	154	0	1	0	30	2	3	0	94	0	0	0	53	336	356	0	3733	122	103	0	1077
17:05:00	61500	519	472	0	5298	26	28	0	108	0	0	0	154	3	3	0	30	6	4	0	96	0	0	0	53	350	314	0	3769	134	123	0	1088
17:10:00	61800	524	499	0	5323	20	23	0	105	2	0	0	156	0	2	0	28	2	2	0	96	1	0	0	54	368	334	0	3803	131	138	0	1081
17:15:00	62100	535	454	0	5404	32	24	0	113	0	0	0	156	3	1	0	30	3	3	0	96	0	0	0	54	346	319	0	3830	151	107	0	1125
17:20:00	62400	541	493	0	5452	29	21	0	121	1	0	0	157	2	1	0	31	4	4	0	96	0	0	0	54	373	329	0	3874	132	138	0	1119
17:25:00	62700	513	459	0	5506	25	26	0	120	0	0	0	157	1	3	0	29	3	2	0	97	1	0	0	55	347	309	0	3912	136	119	0	1136
17:30:00	63000	552	476	0	5582	24	20	0	124	0	0	0	157	1	1	0	29	4	1	0	100	0	0	0	55	371	342	0	3941	152	112	0	1176
17:35:00	63300	580	497	0	5665	23	27	0	120	0	0	0	157	1	0	0	30	3	1	0	102	0	0	0	55	401	339	0	4003	152	130	0	1198
17:40:00	63600	554	524	0	5695	32	26	0	126	1	0	0	158	3	1	0	32	7	2	0	107	0	0	0	55	380	359	0	4024	131	136	0	1193
17:45:00	63900	567	479	0	5783	22	22	0	126	0	0	0	158	0	0	0	32	3	4	0	106	0	0	0	55	418	323	0	4119	124	130	0	1187
17:50:00	64200	611	576	0	5818	26	24	0	128	0	0	0	158	6	1	0	37	3	4	0	105	0	0	0	55	435	412	0	4142	141	135	0	1193
17:55:00	64500	655	555	0	5918	30	25	0	133	0	0	0	158	0	2	0	35	4	1	0	108	0	0	0	55	487	394	0	4235	134	133	0	1194
18:00:00	64800	548	548	0	5918	31	18	0	146	0	0	0	158	4	2	0	37	6	7	0	107	0	0	0	55	377	410	0	4202	130	111	0	1213
18:05:00	65100	594	508	0	6004	19	24	0	141	0	0	0	158	5	5	0	37	7	3	0	111	0	0	0	55	402	357	0	4247	161	119	0	1255
18:10:00	65400	495	458	0	6041	23	29	0	135	0	0	0	158	0	2	0	35	2	2	0	111	0	0	0	55	331	314	0	4264	139	111	0	1283
18:15:00	65700	561	489	0	6113	33	27	0	141	1	0	0	159	1	1	0	35	2	7	0	106	0	0	0	55	397	334	0	4327	127	120	0	1290
18:20:00	66000	538	508	0	6143	31	28	0	144	0	0	0	159	2	0	0	37	0	2	0	104	0	0	0	55	401	352	0	4376	104	126	0	1268
18:25:00	66300	547	526	0	6164	21	25	0	140	1	0	0	160	2	2	0	37	3	2	0	105	0	0	0	55	385	336	0	4425	135	161	0	1242
18:30:00	66600	556	546	0	6174	27	36	0	131	0	0	0	160	5	2	0	40	5	0	0	110	0	0	0	55	380	370	0	4435	139	138	0	1243
18:35:00	66900	571	539	0	6206	30	29	0	132	0	0	0	160	4	4	0	40	1	5	0	106	0	0	0	55	420	359	0	4496	116	142	0	1217
18:40:00	67200	522	561	0	6167	26	25	0	133	1	0	0	161	3	4	0	39	3	0	0	109	0	0	0	55	374	389	0	4481	115	143	0	1189
18:45:00	67500	558	506	0	6219	32	28	0	137	1	0	0	162	3	1	0	41	6	4	0	111	0	0	0	55	402	349	0	4534	114	124	0	1179
18:50:00	67800	614	559	0	6274	37	40	0	134	0	0	0	162	2	1	0	42	3	6	0	108	0	0	0	55	455	395	0	4594	117	117	0	1179
18:55:00	68100	634	577	0	6331	35	33	0	136	0	0	0	162	4	4	0	42	4	1	0	111	0	0	0	55	471	425	0	4640	120	114	0	1185
19:00:00	68400	444	576	0	6199	21	26	0	131	0	0	0	162	1	4	0	39	4	4	0	111	0	0	0	55	301	393	0	4548	117	149	0	1153
19:05:00	68700	418	482	0	6135	22	21	0	132	1	0	0	163	1	0	0	40	3	5	0	109	0	0	0	55	280	326	0	4502	111	130	0	1134
19:10:00	69000	436	474	0	6097	25	28	0	129	0	0	0	163	1	1	0	40	1	5	0	105	1	0	0	56	311	302	0	4511	97	138	0	1093
19:15:00	69300	392	474	0	6015	36	39	0	126	0	0	0	163	2	1	0	41	7	3	0	109	0	0	0	56	263	318	0	4456	84	113	0	1064
19:20:00	69600	375	424	0	5966	15	24	0	117	0	0	0	163	1	1	0	41	3	4	0	108	0	0	0	56	260	282	0	4434	96	113	0	1047
19:25:00	69900	349	404	0	5911	16	23	0	110	0	0	0	163	0	0	0	41	5	3	0	110	0	0	0	56	261	271	0	4424	67	107	0	1007
19:30:00	70200	286	441	0	5756	16	35	0	91	0	0	0	163	1	0	0	42	1	6	0	105	0	0	0	56	211	277	0	4358	57	123	0	941
19:35:00	70500	300	427	0	5629	16	20	0	87	0	0	0	163	1	2	0	41	1	3	0	103	0	0	0	56	222	284	0	4296	60	118	0	883
19:40:00	70800	317	385	0	5561	26	21	0	92	0	0	0	163	3	2	0	42	4	4	0	103	0	0	0	56	221	261	0	4256	63	97	0	849
19:45:00	71100	318	423	0	5456	18	26	0	84	0	0	0	163	3	1	0	44	2	2	0	103	0	0	0	56	236	293	0	4199	59	101	0	807
19:50:00	71400	294	390	0	5360	21	33	0	72	0	0	0	163	2	2	0	44	1	1	0	103	0	0	0	56	216	252	0	4163	54	102	0	759
19:55:00	71700	324	392	0	5292	22	22	0	72	0	0	0	163	3	4	0	43	2	1	0	104	0	0	0	56	242	272	0	4133	55	93	0	721
20:00:00	72000	321	416	0	5197	17	27	0	62	0	0	0	163	3	3	0	43	3	3	0	104	1	0	0	57	234	276	0	4091	63	107	0	677
20:05:00	72300	241	362	0	5076	14	21	0	55	0	0	0	163	2	1	0	44	8	3	0	109	0	0	0	57	162	236	0	4017	55	101	0	631
20:10:00	72600	272	354	0	4994	11	10	0	56	0	0	0	163	1	2	0	43	1	0	0	110	0	0	0	57	203	245	0	3975	56	97	0	590
20:15:00	72900	271	342	0	4923	21	20	0	57	0	0	0	163	3	2	0	44	3	2	0	111	0	0	0	57	198	244	0	3929	46	74	0	562
20:20:00	73200	277	329	0	4871	21	21	0	57	0	0	0	163	2	3	0	43	2	4	0	109	0	0	0	57	193	229	0	3893	59	72	0	549
20:25:00	73500	254	352	0	4773	15	16	0	56	0	0	0	163	1	2	0	42	5	4	0	110	0	0	0	57	200	255	0	3838	33	75	0	507
20:30:00	73800	251	342	0	4682	23	23	0	56	0	0	0	163	4	3	0	43	2	1	0	111	0	0	0	57	174	232	0	3780	48	83	0	472
20:35:00	74100	261	324	0	4619	18	21	0	53	0	0	0	163	3	2	0	44	3	3	0	111	0	0	0	57	201	236	0	3745	36	62	0	446
20:40:00	74400	283	367	0	4535	23	21	0	55	0	0	0	163	3	3	0	44	2	4	0	109	0	0	0	57	225	270	0	3700	30	69	0	407
20:45:00	74700	253	311	0	4477	15	18	0	52	1	0	0	164	1	2	0	43	4	1	0	112	0	0	0	57	186	228	0	3658	46	62	0	391
20:50:00	75000	263	311	0	4429	17	23	0	46	0	0	0	164	0	2	0	41	4	3	0	113	0	0	0	57	210	221	0	3647	32	62	0	361
20:55:00	75300	266	312	0	4383	16	17	0	45	0	0	0	164	1	1	0	41	5	2	0	116	0	0	0	57	193	234	0	3606	51	58	0	354
21:00:00	75600	262	311	0	4334	18	14	0	49	0	0	0	164	2	2	0	41	6	2	0	120	0	0	0	57	177	243	0	3540	59	50	0	363
21:05:00	75900	252	332	0	4254	25	25	0	49	0	0	0	164	0	1	0	40	3	6	0	117	0	0	0	57	182	245	0	3477	42	55	0	350
21:10:00	76200	242	289	0	4207	10	20	0	39	0	0	0	164	1	0	0	41	5	5	0	117	0	0	0	57	189	214	0	3452	37	50	0	337
21:15:00	76500	244	294	0	4157	11	14	0	36	0	0	0	164	0	0	0	41	5	3	0	119	0	0	0	57	190	235	0	3407	38	42	0	333
21:20:00	76800	209	271	0	4095	17	22	0	31	0	0	0	164	0	0	0	41	3	8	0	114	0	0	0	57	159	201	0	3365	30	40	0	323
21:25:00	77100	238	297	0	4036	19	23	0	27	0	0	0	164	1	0	0	42	1	6	0	109	0	0	0	57	176	211	0	3330	41	57	0	307
21:30:00	77400	201	274	0	3963	14	16	0	25	0	0	0	164	1	1	0	42	2	2	0	109	0	0	0	57	158	194	0	3294	26	61	0	272
21:35:00	77700	217	268	0	3912	9	12	0	22	0	0	0	164	2	1	0	43	5	2	0	112	0	0	0	57	172	189	0	3277	29	64	0	237
21:40:00	78000	218	248	0	3882	13	12	0	23	0	0	0	164	3	2	0	44	2	3	0	111	0	0	0	57	173	183	0	3267	27	48	0	216
21:45:00	78300	259	257	0	3884	21	15	0	29	0	0	0	164	3	1	0	46	1	1	0	111	0	0	0	57	199	189	0	3277	35	51	0	200
21:50:00	78600	214	273	0	3825	13	12	0	30	0	0	0	164	3	4	0	45	1	2	0	110	0	0	0	57	162	215	0	3224	35	40	0	195
21:55:00	78900	263	262	0	3826	14	12	0	32	0	0	0	164	2	2	0	45	2	3	0	109	0	0	0	57	213	206	0	3231	32	39	0	188
22:00:00	79200	195	264	0	3757	14	17	0	29	0	0	0	164	2	3	0	44	3	0	0	112	0	0	0	57	136	210	0	3157	40	34	0	194
22:05:00	79500	220	272	0	3705	12	12	0	29	0	0	0	164	1	2	0	43	0	0	0	112	0	0	0	57	172	221	0	3108	35	37	0	192
22:10:00	79800	154	230	0	3629	9	15	0	23	0	0	0	164	1	0	0	44	0	1	0	111	0	0	0	57	121	178	0	3051	23	36	0	179
22:15:00	80100	168	224	0	3573	11	14	0	20	0	0	0	164	0	1	0	43	0	1	0	110	1	0	0	58	132	178	0	3005	24	30	0	173
22:20:00	80400	123	186	0	3510	8	9	0	19	0	0	0	164	0	0	0	43	0	1	0	109	0	0	0	58	106	147	0	2964	9	29	0	153
22:25:00	80700	128	205	0	3433	3	11	0	11	0	0	0	164	0	0	0	43	0	0	0	109	0	0	0	58	111	154	0	2921	14	40	0	127
22:30:00	81000	125	227	0	3331	9	10	0	10	0	0	0	164	0	0	0	43	0	0	0	109	0	0	0	58	101	186	0	2836	15	31	0	111
22:35:00	81300	94	169	0	3256	4	7	0	7	0	0	0	164	0	0	0	43	0	0	0	109	0	0	0	58	80	132	0	2784	10	30	0	91
22:40:00	81600	105	197	0	3164	6	13	0	0	0	0	0	164	0	0	0	43	0	0	0	109	0	0	0	58	87	134	0	2737	12	50	0	53
22:45:00	81900	97	187	0	3074	2	5	0	-3	0	0	0	164	0	0	0	43	0	0	0	109	0	0	0	58	90	147	0	2680	5	35	0	23
22:50:00	82200	93	178	0	2989	9	8	0	-2	0	0	0	164	0	0	0	43	0	0	0	109	0	0	0	58	74	135	0	2619	10	35	0	-2
22:55:00	82500	104	167	0	2926	8	9	0	-3	0	0	0	164	0	0	0	43	0	0	0	109	0	0	0	58	87	134	0	2572	9	24	0	-17
23:00:00	82800	112	172	0	2866	8	9	0	-4	0	0	0	164	0	0	0	43	0	0	0	109	0	0	0	58	91	135	0	2528	13	28	0	-32
23:05:00	83100	116	171	0	2811	8	8	0	-4	0	0	0	164	0	0	0	43	0	0	0	109	0	0	0	58	100	134	0	2494	8	29	0	-53
23:10:00	83400	93	156	0	2748	6	8	0	-6	0	0	0	164	0	0	0	43	0	0	0	109	0	0	0	58	77	125	0	2446	10	23	0	-66
23:15:00	83700	94	174	0	2668	10	11	0	-7	0	0	0	164	0	0	0	43	0	0	0	109	0	0	0	58	80	143	0	2383	4	20	0	-82
23:20:00	84000	110	154	0	2624	6	10	0	-11	0	0	0	164	0	0	0	43	0	0	0	109	0	0	0	58	101	126	0	2358	3	18	0	-97
23:25:00	84300	94	168	0	2550	8	8	0	-11	0	0	0	164	0	0	0	43	0	0	0	109	0	0	0	58	84	145	0	2297	2	15	0	-110
23:30:00	84600	76	133	0	2493	6	5	0	-10	0	0	0	164	0	0	0	43	0	0	0	109	0	0	0	58	65	118	0	2244	5	10	0	-115
23:35:00	84900	97	142	0	2448	3	3	0	-10	0	0	0	164	0	0	0	43	0	0	0	109	0	0	0	58	91	119	0	2216	3	20	0	-132
23:40:00	85200	97	128	0	2417	7	8	0	-11	0	0	0	164	0	0	0	43	0	0	0	109	0	0	0	58	85	106	0	2195	5	14	0	-141
23:45:00	85500	77	137	0	2357	3	6	0	-14	0	0	0	164	0	0	0	43	0	0	0	109	0	0	0	58	74	116	0	2153	0	15	0	-156
23:50:00	85800	82	144	0	2295	3	8	0	-19	0	0	0	164	0	0	0	43	0	0	0	109	0	0	0	58	78	124	0	2107	1	12	0	-167
23:55:00	86100	83	122	0	2256	11	8	0	-16	0	0	0	164	0	0	0	43	0	0	0	109	0	0	0	58	69	105	0	2071	3	9	0	-173
24:00:00	86400	118	130	0	2244	6	5	0	-15	0	0	0	164	0	0	0	43	0	0	0	109	0	0	0	58	111	113	0	2069	1	12	0	-184
24:05:00	86700	54	142	0	2156	3	7	0	-19	0	0	0	164	0	0	0	43	0	0	0	109	0	0	0	58	49	126	0	1992	2	9	0	-191
24:10:00	87000	34	108	0	2082	5	7	0	-21	0	0	0	164	0	0	0	43	0	0	0	109	0	0	0	58	27	97	0	1922	2	4	0	-193
24:15:00	87300	38	113	0	2007	4	4	0	-21	0	0	0	164	0	0	0	43	0	0	0	109	0	0	0	58	32	104	0	1850	2	5	0	-196
24:20:00	87600	29	91	0	1945	0	1	0	-22	0	0	0	164	0	0	0	43	0	0	0	109	0	0	0	58	28	85	0	1793	1	5	0	-200
24:25:00	87900	25	76	0	1894	1	2	0	-23	0	0	0	164	0	0	0	43	0	0	0	109	0	0	0	58	23	71	0	1745	1	3	0	-202
24:30:00	88200	23	76	0	1841	3	3	0	-23	0	0	0	164	0	0	0	43	0	0	0	109	0	0	0	58	20	72	0	1693	0	1	0	-203
24:35:00	88500	14	60	0	1795	3	2	0	-22	0	0	0	164	0	0	0	43	0	0	0	109	0	0	0	58	11	56	0	1648	0	2	0	-205
24:40:00	88800	18	81	0	1732	3	5	0	-24	0	0	0	164	0	0	0	43	0	0	0	109	0	0	0	58	15	72	0	1591	0	4	0	-209
24:45:00	89100	20	88	0	1664	2	3	0	-25	0	0	0	164	0	0	0	43	0	0	0	109	0	0	0	58	18	84	0	1525	0	1	0	-210
24:50:00	89400	18	79	0	1603	2	6	0	-29	0	0	0	164	0	0	0	43	0	0	0	109	0	0	0	58	16	71	0	1470	0	2	0	-212
24:55:00	89700	17	72	0	1548	0	2	0	-31	0	0	0	164	0	0	0	43	0	0	0	109	0	0	0	58	17	66	0	1421	0	4	0	-216
25:00:00	90000	16	70	0	1494	0	3	0	-34	0	0	0	164	0	0	0	43	0	0	0	109	0	0	0	58	16	66	0	1371	0	1	0	-217
25:05:00	90300	26	66	0	1454	0	2	0	-36	0	0	0	164	0	0	0	43	0	0	0	109	0	0	0	58	26	63	0	1334	0	1	0	-218
25:10:00	90600	13	67	0	1400	2	2	0	-36	0	0	0	164	0	0	0	43	0	0	0	109	0	0	0	58	11	64	0	1281	0	1	0	-219
25:15:00	90900	16	54	0	1362	2	1	0	-35	0	0	0	164	0	0	0	43	0	0	0	109	0	0	0	58	14	53	0	1242	0	0	0	-219
25:20:00	91200	19	62	0	1319	0	0	0	-35	0	0	0	164	0	0	0	43	0	0	0	109	0	0	0	58	19	62	0	1199	0	0	0	-219
25:25:00	91500	14	54	0	1279	1	1	0	-35	0	0	0	164	0	0	0	43	0	0	0	109	0	0	0	58	13	53	0	1159	0	0	0	-219
25:30:00	91800	15	56	0	1238	0	0	0	-35	0	0	0	164	0	0	0	43	0	0	0	109	0	0	0	58	15	55	0	1119	0	1	0	-220
25:35:00	92100	18	71	0	1185	3	3	0	-35	0	0	0	164	0	0	0	43	0	0	0	109	0	0	0	58	15	68	0	1066	0	0	0	-220
25:40:00	92400	8	53	0	1140	2	2	0	-35	0	0	0	164	0	0	0	43	0	0	0	109	0	0	0	58	6	51	0	1021	0	0	0	-220
25:45:00	92700	12	54	0	1098	1	0	0	-34	0	0	0	164	0	0	0	43	0	0	0	109	0	0	0	58	11	54	0	978	0	0	0	-220
25:50:00	93000	15	53	0	1060	1	2	0	-35	0	0	0	164	0	0	0	43	0	0	0	109	0	0	0	58	14	51	0	941	0	0	0	-220
25:55:00	93300	15	49	0	1026	2	2	0	-35	0	0	0	164	0	0	0	43	0	0	0	109	0	0	0	58	13	47	0	907	0	0	0	-220
26:00:00	93600	7	47	0	986	0	1	0	-36	0	0	0	164	0	0	0	43	0	0	0	109	0	0	0	58	7	46	0	868	0	0	0	-220
26:05:00	93900	13	45	0	954	0	0	0	-36	0	0	0	164	0	0	0	43	0	0	0	109	0	0	0	58	13	45	0	836	0	0	0	-220
26:10:00	94200	9	33	0	930	0	0	0	-36	0	0	0	164	0	0	0	43	0	0	0	109	0	0	0	58	9	33	0	812	0	0	0	-220
26:15:00	94500	11	33	0	908	0	0	0	-36	0	0	0	164	0	0	0	43	0	0	0	109	0	0	0	58	11	33	0	790	0	0	0	-220
26:20:00	94800	6	30	0	884	1	4	0	-39	0	0	0	164	0	0	0	43	0	0	0	109	0	0	0	58	5	26	0	769	0	0	0	-220
26:25:00	95100	17	47	0	854	2	1	0	-38	0	0	0	164	0	0	0	43	0	0	0	109	0	0	0	58	15	46	0	738	0	0	0	-220
26:30:00	95400	11	25	0	840	1	1	0	-38	0	0	0	164	0	0	0	43	0	0	0	109	0	0	0	58	10	24	0	724	0	0	0	-220
26:35:00	95700	7	37	0	810	1	1	0	-38	0	0	0	164	0	0	0	43	0	0	0	109	0	0	0	58	6	36	0	694	0	0	0	-220
26:40:00	96000	8	24	0	794	0	0	0	-38	0	0	0	164	0	0	0	43	0	0	0	109	0	0	0	58	8	24	0	678	0	0	0	-220
26:45:00	96300	8	31	0	771	5	3	0	-36	0	0	0	164	0	0	0	43	0	0	0	109	0	0	0	58	3	28	0	653	0	0	0	-220
26:50:00	96600	7	20	0	758	0	0	0	-36	0	0	0	164	0	0	0	43	0	0	0	109	0	0	0	58	7	20	0	640	0	0	0	-220
26:55:00	96900	10	39	0	729	0	0	0	-36	0	0	0	164	0	0	0	43	0	0	0	109	0	0	0	58	10	39	0	611	0	0	0	-220
27:00:00	97200	4	18	0	715	1	0	0	-35	0	0	0	164	0	0	0	43	0	0	0	109	0	0	0	58	3	18	0	596	0	0	0	-220
27:05:00	97500	5	31	0	689	0	0	0	-35	0	0	0	164	0	0	0	43	0	0	0	109	0	0	0	58	5	31	0	570	0	0	0	-220
27:10:00	97800	5	18	0	676	1	1	0	-35	0	0	0	164	0	0	0	43	0	0	0	109	0	0	0	58	4	17	0	557	0	0	0	-220
27:15:00	98100	4	22	0	658	1	0	0	-34	0	0	0	164	0	0	0	43	0	0	0	109	0	0	0	58	3	22	0	538	0	0	0	-220
27:20:00	98400	5	27	0	636	0	2	0	-36	0	0	0	164	0	0	0	43	0	0	0	109	0	0	0	58	5	25	0	518	0	0	0	-220
27:25:00	98700	5	19	0	622	3	1	0	-34	0	0	0	164	0	0	0	43	0	0	0	109	0	0	0	58	2	18	0	502	0	0	0	-220
27:30:00	99000	7	20	0	609	0	1	0	-35	0	0	0	164	0	0	0	43	0	0	0	109	0	0	0	58	7	19	0	490	0	0	0	-220
27:35:00	99300	5	25	0	589	2	2	0	-35	0	0	0	164	0	0	0	43	0	0	0	109	0	0	0	58	3	23	0	470	0	0	0	-220
27:40:00	99600	4	16	0	577	0	0	0	-35	0	0	0	164	0	0	0	43	0	0	0	109	0	0	0	58	4	16	0	458	0	0	0	-220
27:45:00	99900	7	21	0	563	2	1	0	-34	0	0	0	164	0	0	0	43	0	0	0	109	0	0	0	58	5	20	0	443	0	0	0	-220
27:50:00	100200	6	12	0	557	1	1	0	-34	0	0	0	164	0	0	0	43	0	0	0	109	0	0	0	58	5	11	0	437	0	0	0	-220
27:55:00	100500	8	15	0	550	2	2	0	-34	0	0	0	164	0	0	0	43	0	0	0	109	0	0	0	58	6	13	0	430	0	0	0	-220
28:00:00	100800	6	13	0	543	1	1	0	-34	0	0	0	164	0	0	0	43	0	0	0	109	0	0	0	58	5	12	0	423	0	0	0	-220
28:05:00	101100	7	21	0	529	0	0	0	-34	0	0	0	164	0	0	0	43	0	0	0	109	0	0	0	58	7	21	0	409	0	0	0	-220
28:10:00	101400	5	17	0	517	0	2	0	-36	0	0	0	164	0	0	0	43	0	0	0	109	0	0	0	58	5	15	0	399	0	0	0	-220
28:15:00	101700	4	17	0	504	0	0	0	-36	0	0	0	164	0	0	0	43	0	0	0	109	0	0	0	58	4	17	0	386	0	0	0	-220
28:20:00	102000	6	13	0	497	1	1	0	-36	0	0	0	164	0	0	0	43	0	0	0	109	0	0	0	58	5	12	0	379	0	0	0	-220
28:25:00	102300	5	17	0	485	2	2	0	-36	0	0	0	164	0	0	0	43	0	0	0	109	0	0	0	58	3	15	0	367	0	0	0	-220
28:30:00	102600	3	11	0	477	0	0	0	-36	0	0	0	164	0	0	0	43	0	0	0	109	0	0	0	58	3	11	0	359	0	0	0	-220
28:35:00	102900	3	11	0	469	0	1	0	-37	0	0	0	164	0	0	0	43	0	0	0	109	0	0	0	58	3	10	0	352	0	0	0	-220
28:40:00	103200	3	14	0	458	1	1	0	-37	0	0	0	164	0	0	0	43	0	0	0	109	0	0	0	58	2	13	0	341	0	0	0	-220
28:45:00	103500	3	14	0	447	0	0	0	-37	0	0	0	164	0	0	0	43	0	0	0	109	0	0	0	58	3	14	0	330	0	0	0	-220
28:50:00	103800	2	10	0	439	0	0	0	-37	0	0	0	164	0	0	0	43	0	0	0	109	0	0	0	58	2	10	0	322	0	0	0	-220
28:55:00	104100	2	12	0	429	0	0	0	-37	0	0	0	164	0	0	0	43	0	0	0	109	0	0	0	58	2	12	0	312	0	0	0	-220
29:00:00	104400	2	9	0	422	0	0	0	-37	0	0	0	164	0	0	0	43	0	0	0	109	0	0	0	58	2	9	0	305	0	0	0	-220
29:05:00	104700	3	9	0	416	1	1	0	-37	0	0	0	164	0	0	0	43	0	0	0	109	0	0	0	58	2	8	0	299	0	0	0	-220
29:10:00	105000	3	9	0	410	0	0	0	-37	0	0	0	164	0	0	0	43	0	0	0	109	0	0	0	58	3	9	0	293	0	0	0	-220
29:15:00	105300	7	14	0	403	1	1	0	-37	0	0	0	164	0	0	0	43	0	0	0	109	0	0	0	58	6	13	0	286	0	0	0	-220
29:20:00	105600	7	15	0	395	1	1	0	-37	0	0	0	164	0	0	0	43	0	0	0	109	0	0	0	58	6	14	0	278	0	0	0	-220
29:25:00	105900	7	13	0	389	0	0	0	-37	0	0	0	164	0	0	0	43	0	0	0	109	0	0	0	58	7	13	0	272	0	0	0	-220
29:30:00	106200	3	8	0	384	0	0	0	-37	0	0	0	164	0	0	0	43	0	0	0	109	0	0	0	58	3	8	0	267	0	0	0	-220
29:35:00	106500	1	10	0	375	0	0	0	-37	0	0	0	164	0	0	0	43	0	0	0	109	0	0	0	58	1	10	0	258	0	0	0	-220
29:40:00	106800	1	7	0	369	0	0	0	-37	0	0	0	164	0	0	0	43	0	0	0	109	0	0	0	58	1	7	0	252	0	0	0	-220
29:45:00	107100	2	5	0	366	0	0	0	-37	0	0	0	164	0	0	0	43	0	0	0	109	0	0	0	58	2	5	0	249	0	0	0	-220
29:50:00	107400	4	9	0	361	0	1	0	-38	0	0	0	164	0	0	0	43	0	0	0	109	0	0	0	58	4	8	0	245	0	0	0	-220
29:55:00	107700	4	13	0	352	1	1	0	-38	0	0	0	164	0	0	0	43	0	0	0	109	0	0	0	58	3	12	0	236	0	0	0	-220
30:00:00	108000	0	0	0	352	0	0	0	-38	0	0	0	164	0	0	0	43	0	0	0	109	0	0	0	58	0	0	0	236	0	0	0	-220
30:05:00	108300	0	0	0	352	0	0	0	-38	0	0	0	164	0	0	0	43	0	0	0	109	0	0	0	58	0	0	0	236	0	0	0	-220
