time	time	departures_all	arrivals_all	stuck_all	en-route_all	departures_car	arrivals_car	stuck_car	en-route_car	departures_drive_transit	arrivals_drive_transit	stuck_drive_transit	en-route_drive_transit	departures_ride_hail	arrivals_ride_hail	stuck_ride_hail	en-route_ride_hail	departures_ride_hail_pooled	arrivals_ride_hail_pooled	stuck_ride_hail_pooled	en-route_ride_hail_pooled	departures_ride_hail_transit	arrivals_ride_hail_transit	stuck_ride_hail_transit	en-route_ride_hail_transit	departures_walk	arrivals_walk	stuck_walk	en-route_walk	departures_walk_transit	arrivals_walk_transit	stuck_walk_transit	en-route_walk_transit
00:00:00	0	0	0	0	0	0	0	0	0	0	0	0	0	0	0	0	0	0	0	0	0	0	0	0	0	0	0	0	0	0	0	0	0
00:05:00	300	0	0	0	0	0	0	0	0	0	0	0	0	0	0	0	0	0	0	0	0	0	0	0	0	0	0	0	0	0	0	0	0
00:10:00	600	0	0	0	0	0	0	0	0	0	0	0	0	0	0	0	0	0	0	0	0	0	0	0	0	0	0	0	0	0	0	0	0
00:15:00	900	0	0	0	0	0	0	0	0	0	0	0	0	0	0	0	0	0	0	0	0	0	0	0	0	0	0	0	0	0	0	0	0
00:20:00	1200	0	0	0	0	0	0	0	0	0	0	0	0	0	0	0	0	0	0	0	0	0	0	0	0	0	0	0	0	0	0	0	0
00:25:00	1500	0	0	0	0	0	0	0	0	0	0	0	0	0	0	0	0	0	0	0	0	0	0	0	0	0	0	0	0	0	0	0	0
00:30:00	1800	0	0	0	0	0	0	0	0	0	0	0	0	0	0	0	0	0	0	0	0	0	0	0	0	0	0	0	0	0	0	0	0
00:35:00	2100	0	0	0	0	0	0	0	0	0	0	0	0	0	0	0	0	0	0	0	0	0	0	0	0	0	0	0	0	0	0	0	0
00:40:00	2400	0	0	0	0	0	0	0	0	0	0	0	0	0	0	0	0	0	0	0	0	0	0	0	0	0	0	0	0	0	0	0	0
00:45:00	2700	0	0	0	0	0	0	0	0	0	0	0	0	0	0	0	0	0	0	0	0	0	0	0	0	0	0	0	0	0	0	0	0
00:50:00	3000	0	0	0	0	0	0	0	0	0	0	0	0	0	0	0	0	0	0	0	0	0	0	0	0	0	0	0	0	0	0	0	0
00:55:00	3300	0	0	0	0	0	0	0	0	0	0	0	0	0	0	0	0	0	0	0	0	0	0	0	0	0	0	0	0	0	0	0	0
01:00:00	3600	0	0	0	0	0	0	0	0	0	0	0	0	0	0	0	0	0	0	0	0	0	0	0	0	0	0	0	0	0	0	0	0
01:05:00	3900	0	0	0	0	0	0	0	0	0	0	0	0	0	0	0	0	0	0	0	0	0	0	0	0	0	0	0	0	0	0	0	0
01:10:00	4200	0	0	0	0	0	0	0	0	0	0	0	0	0	0	0	0	0	0	0	0	0	0	0	0	0	0	0	0	0	0	0	0
01:15:00	4500	0	0	0	0	0	0	0	0	0	0	0	0	0	0	0	0	0	0	0	0	0	0	0	0	0	0	0	0	0	0	0	0
01:20:00	4800	0	0	0	0	0	0	0	0	0	0	0	0	0	0	0	0	0	0	0	0	0	0	0	0	0	0	0	0	0	0	0	0
01:25:00	5100	0	0	0	0	0	0	0	0	0	0	0	0	0	0	0	0	0	0	0	0	0	0	0	0	0	0	0	0	0	0	0	0
01:30:00	5400	0	0	0	0	0	0	0	0	0	0	0	0	0	0	0	0	0	0	0	0	0	0	0	0	0	0	0	0	0	0	0	0
01:35:00	5700	0	0	0	0	0	0	0	0	0	0	0	0	0	0	0	0	0	0	0	0	0	0	0	0	0	0	0	0	0	0	0	0
01:40:00	6000	0	0	0	0	0	0	0	0	0	0	0	0	0	0	0	0	0	0	0	0	0	0	0	0	0	0	0	0	0	0	0	0
01:45:00	6300	0	0	0	0	0	0	0	0	0	0	0	0	0	0	0	0	0	0	0	0	0	0	0	0	0	0	0	0	0	0	0	0
01:50:00	6600	0	0	0	0	0	0	0	0	0	0	0	0	0	0	0	0	0	0	0	0	0	0	0	0	0	0	0	0	0	0	0	0
01:55:00	6900	0	0	0	0	0	0	0	0	0	0	0	0	0	0	0	0	0	0	0	0	0	0	0	0	0	0	0	0	0	0	0	0
02:00:00	7200	0	0	0	0	0	0	0	0	0	0	0	0	0	0	0	0	0	0	0	0	0	0	0	0	0	0	0	0	0	0	0	0
02:05:00	7500	0	0	0	0	0	0	0	0	0	0	0	0	0	0	0	0	0	0	0	0	0	0	0	0	0	0	0	0	0	0	0	0
02:10:00	7800	0	0	0	0	0	0	0	0	0	0	0	0	0	0	0	0	0	0	0	0	0	0	0	0	0	0	0	0	0	0	0	0
02:15:00	8100	0	0	0	0	0	0	0	0	0	0	0	0	0	0	0	0	0	0	0	0	0	0	0	0	0	0	0	0	0	0	0	0
02:20:00	8400	0	0	0	0	0	0	0	0	0	0	0	0	0	0	0	0	0	0	0	0	0	0	0	0	0	0	0	0	0	0	0	0
02:25:00	8700	0	0	0	0	0	0	0	0	0	0	0	0	0	0	0	0	0	0	0	0	0	0	0	0	0	0	0	0	0	0	0	0
02:30:00	9000	0	0	0	0	0	0	0	0	0	0	0	0	0	0	0	0	0	0	0	0	0	0	0	0	0	0	0	0	0	0	0	0
02:35:00	9300	0	0	0	0	0	0	0	0	0	0	0	0	0	0	0	0	0	0	0	0	0	0	0	0	0	0	0	0	0	0	0	0
02:40:00	9600	0	0	0	0	0	0	0	0	0	0	0	0	0	0	0	0	0	0	0	0	0	0	0	0	0	0	0	0	0	0	0	0
02:45:00	9900	0	0	0	0	0	0	0	0	0	0	0	0	0	0	0	0	0	0	0	0	0	0	0	0	0	0	0	0	0	0	0	0
02:50:00	10200	0	0	0	0	0	0	0	0	0	0	0	0	0	0	0	0	0	0	0	0	0	0	0	0	0	0	0	0	0	0	0	0
02:55:00	10500	0	0	0	0	0	0	0	0	0	0	0	0	0	0	0	0	0	0	0	0	0	0	0	0	0	0	0	0	0	0	0	0
03:00:00	10800	0	0	0	0	0	0	0	0	0	0	0	0	0	0	0	0	0	0	0	0	0	0	0	0	0	0	0	0	0	0	0	0
03:05:00	11100	0	0	0	0	0	0	0	0	0	0	0	0	0	0	0	0	0	0	0	0	0	0	0	0	0	0	0	0	0	0	0	0
03:10:00	11400	0	0	0	0	0	0	0	0	0	0	0	0	0	0	0	0	0	0	0	0	0	0	0	0	0	0	0	0	0	0	0	0
03:15:00	11700	0	0	0	0	0	0	0	0	0	0	0	0	0	0	0	0	0	0	0	0	0	0	0	0	0	0	0	0	0	0	0	0
03:20:00	12000	0	0	0	0	0	0	0	0	0	0	0	0	0	0	0	0	0	0	0	0	0	0	0	0	0	0	0	0	0	0	0	0
03:25:00	12300	0	0	0	0	0	0	0	0	0	0	0	0	0	0	0	0	0	0	0	0	0	0	0	0	0	0	0	0	0	0	0	0
03:30:00	12600	0	0	0	0	0	0	0	0	0	0	0	0	0	0	0	0	0	0	0	0	0	0	0	0	0	0	0	0	0	0	0	0
03:35:00	12900	0	0	0	0	0	0	0	0	0	0	0	0	0	0	0	0	0	0	0	0	0	0	0	0	0	0	0	0	0	0	0	0
03:40:00	13200	0	0	0	0	0	0	0	0	0	0	0	0	0	0	0	0	0	0	0	0	0	0	0	0	0	0	0	0	0	0	0	0
03:45:00	13500	0	0	0	0	0	0	0	0	0	0	0	0	0	0	0	0	0	0	0	0	0	0	0	0	0	0	0	0	0	0	0	0
03:50:00	13800	0	0	0	0	0	0	0	0	0	0	0	0	0	0	0	0	0	0	0	0	0	0	0	0	0	0	0	0	0	0	0	0
03:55:00	14100	0	0	0	0	0	0	0	0	0	0	0	0	0	0	0	0	0	0	0	0	0	0	0	0	0	0	0	0	0	0	0	0
04:00:00	14400	0	0	0	0	0	0	0	0	0	0	0	0	0	0	0	0	0	0	0	0	0	0	0	0	0	0	0	0	0	0	0	0
04:05:00	14700	0	0	0	0	0	0	0	0	0	0	0	0	0	0	0	0	0	0	0	0	0	0	0	0	0	0	0	0	0	0	0	0
04:10:00	15000	0	0	0	0	0	0	0	0	0	0	0	0	0	0	0	0	0	0	0	0	0	0	0	0	0	0	0	0	0	0	0	0
04:15:00	15300	0	0	0	0	0	0	0	0	0	0	0	0	0	0	0	0	0	0	0	0	0	0	0	0	0	0	0	0	0	0	0	0
04:20:00	15600	0	0	0	0	0	0	0	0	0	0	0	0	0	0	0	0	0	0	0	0	0	0	0	0	0	0	0	0	0	0	0	0
04:25:00	15900	0	0	0	0	0	0	0	0	0	0	0	0	0	0	0	0	0	0	0	0	0	0	0	0	0	0	0	0	0	0	0	0
04:30:00	16200	0	0	0	0	0	0	0	0	0	0	0	0	0	0	0	0	0	0	0	0	0	0	0	0	0	0	0	0	0	0	0	0
04:35:00	16500	0	0	0	0	0	0	0	0	0	0	0	0	0	0	0	0	0	0	0	0	0	0	0	0	0	0	0	0	0	0	0	0
04:40:00	16800	0	0	0	0	0	0	0	0	0	0	0	0	0	0	0	0	0	0	0	0	0	0	0	0	0	0	0	0	0	0	0	0
04:45:00	17100	0	0	0	0	0	0	0	0	0	0	0	0	0	0	0	0	0	0	0	0	0	0	0	0	0	0	0	0	0	0	0	0
04:50:00	17400	0	0	0	0	0	0	0	0	0	0	0	0	0	0	0	0	0	0	0	0	0	0	0	0	0	0	0	0	0	0	0	0
04:55:00	17700	0	0	0	0	0	0	0	0	0	0	0	0	0	0	0	0	0	0	0	0	0	0	0	0	0	0	0	0	0	0	0	0
05:00:00	18000	26	3	0	23	4	0	0	4	1	0	0	1	0	0	0	0	1	0	0	1	0	0	0	0	20	3	0	17	0	0	0	0
05:05:00	18300	28	4	0	47	0	0	0	4	1	0	0	2	1	0	0	1	0	0	0	1	0	0	0	0	26	4	0	39	0	0	0	0
05:10:00	18600	66	6	0	107	7	0	0	11	1	0	0	3	1	0	0	2	1	0	0	2	0	0	0	0	50	6	0	83	6	0	0	6
05:15:00	18900	65	8	0	164	8	0	0	19	0	0	0	3	2	2	0	2	2	0	0	4	2	0	0	2	42	6	0	119	9	0	0	15
05:20:00	19200	76	15	0	225	9	0	0	28	1	0	0	4	2	2	0	2	1	1	0	4	0	0	0	2	47	12	0	154	16	0	0	31
05:25:00	19500	85	19	0	291	5	0	0	33	1	0	0	5	1	2	0	1	2	3	0	3	0	0	0	2	55	14	0	195	21	0	0	52
05:30:00	19800	84	11	0	364	7	0	0	40	1	0	0	6	4	1	0	4	0	0	0	3	1	0	0	3	41	8	0	228	30	2	0	80
05:35:00	20100	97	20	0	441	7	2	0	45	0	0	0	6	2	3	0	3	5	1	0	7	1	0	0	4	47	13	0	262	35	1	0	114
05:40:00	20400	83	30	0	494	9	0	0	54	1	0	0	7	3	3	0	3	2	2	0	7	0	0	0	4	35	22	0	275	33	3	0	144
05:45:00	20700	103	27	0	570	11	0	0	65	2	0	0	9	5	4	0	4	0	2	0	5	1	0	0	5	56	20	0	311	28	1	0	171
05:50:00	21000	107	38	0	639	9	2	0	72	0	0	0	9	4	4	0	4	4	3	0	6	1	0	0	6	63	26	0	348	26	3	0	194
05:55:00	21300	109	42	0	706	4	0	0	76	1	0	0	10	4	3	0	5	1	1	0	6	2	0	0	8	69	30	0	387	28	8	0	214
06:00:00	21600	156	60	0	802	12	1	0	87	1	0	0	11	5	3	0	7	3	1	0	8	0	0	0	8	92	40	0	439	43	15	0	242
06:05:00	21900	133	53	0	882	10	3	0	94	1	0	0	12	4	7	0	4	5	2	0	11	1	0	0	9	77	33	0	483	35	8	0	269
06:10:00	22200	154	51	0	985	11	3	0	102	2	0	0	14	1	2	0	3	8	3	0	16	1	0	0	10	86	31	0	538	45	12	0	302
06:15:00	22500	177	59	0	1103	15	6	0	111	2	0	0	16	4	3	0	4	4	3	0	17	5	0	0	15	90	34	0	594	57	13	0	346
06:20:00	22800	195	63	0	1235	11	4	0	118	1	0	0	17	1	3	0	2	2	4	0	15	1	0	0	16	104	25	0	673	75	27	0	394
06:25:00	23100	193	79	0	1349	11	5	0	124	1	0	0	18	4	2	0	4	5	5	0	15	1	0	0	17	115	49	0	739	56	18	0	432
06:30:00	23400	186	89	0	1446	12	7	0	129	2	0	0	20	5	3	0	6	8	3	0	20	1	0	0	18	88	52	0	775	70	24	0	478
06:35:00	23700	222	73	0	1595	16	7	0	138	2	0	0	22	3	3	0	6	3	5	0	18	2	0	0	20	106	39	0	842	90	19	0	549
06:40:00	24000	210	107	0	1698	9	7	0	140	1	0	0	23	1	3	0	4	4	4	0	18	3	0	0	23	112	59	0	895	80	34	0	595
06:45:00	24300	212	109	0	1801	15	9	0	146	1	0	0	24	6	3	0	7	3	3	0	18	2	0	0	25	99	56	0	938	86	38	0	643
06:50:00	24600	255	118	0	1938	13	5	0	154	3	0	0	27	3	4	0	6	2	5	0	15	4	0	0	29	129	72	0	995	101	32	0	712
06:55:00	24900	217	133	0	2022	8	8	0	154	1	0	0	28	3	3	0	6	1	1	0	15	2	0	0	31	124	73	0	1046	78	48	0	742
07:00:00	25200	281	155	0	2148	10	6	0	158	0	0	0	28	5	3	0	8	4	5	0	14	0	0	0	31	178	85	0	1139	84	56	0	770
07:05:00	25500	308	140	0	2316	18	11	0	165	4	0	0	32	2	3	0	7	10	3	0	21	2	0	0	33	189	64	0	1264	83	59	0	794
07:10:00	25800	390	165	0	2541	21	11	0	175	3	0	0	35	7	4	0	10	8	0	0	29	0	0	0	33	240	86	0	1418	111	64	0	841
07:15:00	26100	449	172	0	2818	19	14	0	180	6	0	0	41	4	4	0	10	13	8	0	34	4	0	0	37	280	96	0	1602	123	50	0	914
07:20:00	26400	481	191	0	3108	20	15	0	185	2	0	0	43	8	3	0	15	11	6	0	39	2	0	0	39	293	114	0	1781	145	53	0	1006
07:25:00	26700	486	211	0	3383	15	10	0	190	6	0	0	49	4	3	0	16	9	8	0	40	3	0	0	42	292	129	0	1944	157	61	0	1102
07:30:00	27000	474	283	0	3574	19	19	0	190	3	0	0	52	5	2	0	19	6	15	0	31	3	0	0	45	280	143	0	2081	158	104	0	1156
07:35:00	27300	484	218	0	3840	22	10	0	202	8	0	0	60	2	1	0	20	6	7	0	30	1	0	0	46	258	128	0	2211	187	72	0	1271
07:40:00	27600	541	245	0	4136	26	7	0	221	2	0	0	62	5	4	0	21	9	2	0	37	2	0	0	48	296	142	0	2365	201	90	0	1382
07:45:00	27900	542	288	0	4390	22	8	0	235	8	0	0	70	5	4	0	22	8	8	0	37	1	0	0	49	313	177	0	2501	185	91	0	1476
07:50:00	28200	544	299	0	4635	25	12	0	248	4	0	0	74	9	7	0	24	9	9	0	37	2	0	0	51	328	174	0	2655	167	97	0	1546
07:55:00	28500	528	319	0	4844	22	12	0	258	3	0	0	77	6	9	0	21	6	3	0	40	1	0	0	52	329	185	0	2799	161	110	0	1597
08:00:00	28800	514	352	0	5006	15	19	0	254	8	0	0	85	9	7	0	23	14	8	0	46	1	0	0	53	298	188	0	2909	169	130	0	1636
08:05:00	29100	487	347	0	5146	17	15	0	256	4	0	0	89	7	4	0	26	15	8	0	53	1	0	0	54	276	193	0	2992	167	127	0	1676
08:10:00	29400	546	353	0	5339	12	13	0	255	1	0	0	90	9	11	0	24	10	5	0	58	1	0	0	55	331	189	0	3134	182	135	0	1723
08:15:00	29700	539	398	0	5480	14	19	0	250	3	0	0	93	8	7	0	25	4	7	0	55	2	0	0	57	335	214	0	3255	173	151	0	1745
08:20:00	30000	569	388	0	5661	15	16	0	249	3	0	0	96	6	7	0	24	9	5	0	59	2	0	0	59	339	232	0	3362	195	128	0	1812
08:25:00	30300	525	449	0	5737	18	15	0	252	5	0	0	101	4	6	0	22	17	7	0	69	2	0	0	61	323	258	0	3427	156	163	0	1805
08:30:00	30600	538	436	0	5839	17	23	0	246	4	0	0	105	9	7	0	24	9	2	0	76	0	0	0	61	338	217	0	3548	161	187	0	1779
08:35:00	30900	574	434	0	5979	14	14	0	246	3	0	0	108	8	8	0	24	17	9	0	84	0	0	0	61	355	235	0	3668	177	168	0	1788
08:40:00	31200	549	444	0	6084	22	25	0	243	1	0	0	109	5	3	0	26	7	5	0	86	2	0	0	63	343	241	0	3770	169	170	0	1787
08:45:00	31500	572	513	0	6143	15	24	0	234	4	0	0	113	8	9	0	25	7	12	0	81	3	0	0	66	358	274	0	3854	177	194	0	1770
08:50:00	31800	571	478	0	6236	18	19	0	233	2	0	0	115	13	7	0	31	6	5	0	82	1	0	0	67	383	297	0	3940	148	150	0	1768
08:55:00	32100	615	576	0	6275	21	29	0	225	2	0	0	117	13	13	0	31	7	10	0	79	3	0	0	70	418	320	0	4038	151	204	0	1715
09:00:00	32400	523	562	0	6236	10	22	0	213	2	0	0	119	5	6	0	30	5	4	0	80	1	0	0	71	336	340	0	4034	164	190	0	1689
09:05:00	32700	450	507	0	6179	10	22	0	201	2	0	0	121	10	15	0	25	3	1	0	82	1	0	0	72	278	302	0	4010	146	167	0	1668
09:10:00	33000	418	479	0	6118	8	15	0	194	0	0	0	121	7	7	0	25	4	4	0	82	0	0	0	72	252	289	0	3973	147	164	0	1651
09:15:00	33300	383	499	0	6002	5	19	0	180	1	0	0	122	10	9	0	26	2	6	0	78	3	0	0	75	237	288	0	3922	125	177	0	1599
09:20:00	33600	371	428	0	5945	8	13	0	175	1	0	0	123	5	9	0	22	7	2	0	83	1	0	0	76	238	240	0	3920	111	164	0	1546
09:25:00	33900	336	478	0	5803	10	18	0	167	0	0	0	123	9	6	0	25	5	2	0	86	2	0	0	78	234	284	0	3870	76	168	0	1454
09:30:00	34200	304	460	0	5647	2	17	0	152	1	0	0	124	5	7	0	23	7	2	0	91	0	0	0	78	217	249	0	3838	72	185	0	1341
09:35:00	34500	302	420	0	5529	3	17	0	138	0	0	0	124	8	6	0	25	5	7	0	89	3	0	0	81	196	246	0	3788	87	144	0	1284
09:40:00	34800	311	413	0	5427	8	14	0	132	0	0	0	124	9	6	0	28	4	4	0	89	1	0	0	82	213	239	0	3762	76	150	0	1210
09:45:00	35100	277	466	0	5238	3	13	0	122	0	0	0	124	2	7	0	23	4	2	0	91	1	0	0	83	192	270	0	3684	75	174	0	1111
09:50:00	35400	300	415	0	5123	4	9	0	117	0	0	0	124	6	8	0	21	7	4	0	94	0	0	0	83	203	258	0	3629	80	136	0	1055
09:55:00	35700	312	389	0	5046	8	15	0	110	0	0	0	124	6	6	0	21	7	5	0	96	0	0	0	83	216	228	0	3617	75	135	0	995
10:00:00	36000	283	414	0	4915	8	15	0	103	2	0	0	126	4	5	0	20	4	7	0	93	0	0	0	83	191	244	0	3564	74	143	0	926
10:05:00	36300	279	373	0	4821	11	11	0	103	0	0	0	126	8	2	0	26	7	2	0	98	0	0	0	83	177	248	0	3493	76	110	0	892
10:10:00	36600	266	384	0	4703	4	16	0	91	0	0	0	126	2	7	0	21	6	8	0	96	1	0	0	84	169	237	0	3425	84	116	0	860
10:15:00	36900	295	388	0	4610	13	11	0	93	1	0	0	127	4	1	0	24	5	8	0	93	0	0	0	84	201	245	0	3381	71	123	0	808
10:20:00	37200	295	352	0	4553	9	17	0	85	1	0	0	128	7	3	0	28	7	5	0	95	0	0	0	84	194	234	0	3341	77	93	0	792
10:25:00	37500	276	381	0	4448	8	10	0	83	0	0	0	128	10	8	0	30	7	7	0	95	2	0	0	86	195	270	0	3266	54	86	0	760
10:30:00	37800	302	358	0	4392	6	4	0	85	0	0	0	128	6	3	0	33	3	7	0	91	0	0	0	86	204	227	0	3243	83	117	0	726
10:35:00	38100	264	355	0	4301	11	4	0	92	0	0	0	128	7	7	0	33	6	7	0	90	0	0	0	86	180	241	0	3182	60	96	0	690
10:40:00	38400	304	379	0	4226	3	16	0	79	1	0	0	129	8	9	0	32	5	4	0	91	2	0	0	88	213	248	0	3147	72	102	0	660
10:45:00	38700	326	368	0	4184	8	12	0	75	1	0	0	130	8	9	0	31	4	6	0	89	1	0	0	89	222	243	0	3126	82	98	0	644
10:50:00	39000	320	380	0	4124	14	8	0	81	1	0	0	131	3	4	0	30	8	4	0	93	0	0	0	89	237	262	0	3101	57	102	0	599
10:55:00	39300	350	418	0	4056	11	8	0	84	0	0	0	131	7	6	0	31	3	4	0	92	0	0	0	89	248	302	0	3047	81	98	0	582
11:00:00	39600	338	386	0	4008	10	11	0	83	3	0	0	134	6	7	0	30	5	3	0	94	0	0	0	89	230	284	0	2993	84	81	0	585
11:05:00	39900	287	323	0	3972	12	9	0	86	0	0	0	134	5	5	0	30	7	5	0	96	0	0	0	89	198	223	0	2968	65	81	0	569
11:10:00	40200	328	350	0	3950	8	8	0	86	1	0	0	135	4	4	0	30	6	5	0	97	0	0	0	89	224	229	0	2963	85	104	0	550
11:15:00	40500	300	315	0	3935	5	12	0	79	1	0	0	136	12	5	0	37	8	6	0	99	0	0	0	89	200	222	0	2941	74	70	0	554
11:20:00	40800	324	351	0	3908	8	10	0	77	0	0	0	136	9	10	0	36	3	4	0	98	0	0	0	89	239	247	0	2933	65	80	0	539
11:25:00	41100	332	384	0	3856	13	15	0	75	0	0	0	136	4	7	0	33	5	5	0	98	1	0	0	90	230	274	0	2889	79	83	0	535
11:30:00	41400	303	375	0	3784	8	6	0	77	0	0	0	136	12	10	0	35	8	6	0	100	0	0	0	90	190	268	0	2811	85	85	0	535
11:35:00	41700	311	307	0	3788	8	10	0	75	1	0	0	137	4	2	0	37	6	4	0	102	0	0	0	90	218	219	0	2810	74	72	0	537
11:40:00	42000	375	351	0	3812	9	11	0	73	0	0	0	137	4	4	0	37	4	8	0	98	3	0	0	93	269	242	0	2837	86	86	0	537
11:45:00	42300	323	369	0	3766	14	14	0	73	0	0	0	137	7	6	0	38	7	4	0	101	1	0	0	94	224	272	0	2789	70	73	0	534
11:50:00	42600	355	350	0	3771	12	6	0	79	1	0	0	138	7	7	0	38	4	4	0	101	0	0	0	94	248	252	0	2785	83	81	0	536
11:55:00	42900	394	393	0	3772	18	10	0	87	0	0	0	138	7	6	0	39	7	4	0	104	0	0	0	94	282	289	0	2778	80	84	0	532
12:00:00	43200	347	395	0	3724	15	7	0	95	0	0	0	138	4	6	0	37	3	3	0	104	1	0	0	95	252	300	0	2730	72	79	0	525
12:05:00	43500	331	352	0	3703	11	9	0	97	1	0	0	139	10	5	0	42	5	5	0	104	1	0	0	96	224	246	0	2708	79	87	0	517
12:10:00	43800	347	364	0	3686	14	18	0	93	0	0	0	139	3	7	0	38	10	5	0	109	0	0	0	96	242	248	0	2702	78	86	0	509
12:15:00	44100	353	343	0	3696	14	11	0	96	0	0	0	139	3	6	0	35	7	2	0	114	0	0	0	96	258	242	0	2718	71	82	0	498
12:20:00	44400	374	361	0	3709	17	13	0	100	0	0	0	139	4	3	0	36	2	6	0	110	1	0	0	97	273	266	0	2725	77	73	0	502
12:25:00	44700	380	354	0	3735	12	7	0	105	0	0	0	139	6	3	0	39	5	6	0	109	0	0	0	97	268	271	0	2722	89	67	0	524
12:30:00	45000	357	392	0	3700	11	19	0	97	0	0	0	139	4	6	0	37	7	4	0	112	1	0	0	98	244	271	0	2695	90	92	0	522
12:35:00	45300	321	327	0	3694	8	12	0	93	1	0	0	140	4	3	0	38	4	3	0	113	1	0	0	99	213	234	0	2674	90	75	0	537
12:40:00	45600	331	352	0	3673	14	13	0	94	0	0	0	140	2	3	0	37	2	7	0	108	1	0	0	100	236	233	0	2677	76	96	0	517
12:45:00	45900	354	356	0	3671	10	10	0	94	1	0	0	141	8	4	0	41	7	5	0	110	0	0	0	100	255	260	0	2672	73	77	0	513
12:50:00	46200	381	349	0	3703	13	13	0	94	2	0	0	143	5	2	0	44	5	2	0	113	1	0	0	101	274	260	0	2686	81	72	0	522
12:55:00	46500	366	382	0	3687	13	15	0	92	0	0	0	143	7	8	0	43	4	7	0	110	1	0	0	102	262	266	0	2682	79	86	0	515
13:00:00	46800	355	351	0	3691	7	15	0	84	1	0	0	144	5	9	0	39	3	3	0	110	0	0	0	102	257	260	0	2679	82	64	0	533
13:05:00	47100	364	364	0	3691	13	9	0	88	0	0	0	144	5	2	0	42	6	4	0	112	0	0	0	102	266	266	0	2679	74	83	0	524
13:10:00	47400	360	375	0	3676	10	19	0	79	1	0	0	145	2	3	0	41	7	2	0	117	0	0	0	102	256	269	0	2666	84	82	0	526
13:15:00	47700	366	347	0	3695	11	9	0	81	0	0	0	145	4	4	0	41	5	5	0	117	1	0	0	103	248	243	0	2671	97	86	0	537
13:20:00	48000	367	383	0	3679	11	16	0	76	0	0	0	145	2	3	0	40	7	6	0	118	0	0	0	103	276	274	0	2673	71	84	0	524
13:25:00	48300	383	392	0	3670	7	11	0	72	0	0	0	145	4	2	0	42	7	5	0	120	1	0	0	104	286	299	0	2660	78	75	0	527
13:30:00	48600	411	360	0	3721	19	6	0	85	1	0	0	146	4	4	0	42	4	7	0	117	0	0	0	104	287	251	0	2696	96	92	0	531
13:35:00	48900	375	352	0	3744	13	7	0	91	2	0	0	148	8	6	0	44	9	4	0	122	1	0	0	105	251	261	0	2686	91	74	0	548
13:40:00	49200	390	375	0	3759	15	11	0	95	0	0	0	148	6	6	0	44	6	5	0	123	0	0	0	105	260	255	0	2691	103	98	0	553
13:45:00	49500	405	386	0	3778	16	17	0	94	1	0	0	149	4	5	0	43	11	9	0	125	0	0	0	105	301	267	0	2725	72	88	0	537
13:50:00	49800	475	428	0	3825	18	19	0	93	1	0	0	150	4	4	0	43	7	4	0	128	0	0	0	105	354	314	0	2765	91	87	0	541
13:55:00	50100	504	406	0	3923	8	10	0	91	0	0	0	150	11	5	0	49	6	9	0	125	0	0	0	105	396	305	0	2856	83	77	0	547
14:00:00	50400	441	463	0	3901	16	13	0	94	0	0	0	150	6	10	0	45	7	9	0	123	0	0	0	105	313	347	0	2822	99	84	0	562
14:05:00	50700	416	410	0	3907	21	19	0	96	0	0	0	150	5	8	0	42	8	8	0	123	0	0	0	105	284	286	0	2820	98	89	0	571
14:10:00	51000	394	375	0	3926	15	14	0	97	0	0	0	150	6	3	0	45	9	5	0	127	3	0	0	108	255	260	0	2815	106	93	0	584
14:15:00	51300	463	372	0	4017	14	5	0	106	0	0	0	150	6	6	0	45	3	7	0	123	0	0	0	108	333	255	0	2893	107	99	0	592
14:20:00	51600	435	407	0	4045	24	14	0	116	0	0	0	150	1	3	0	43	5	6	0	122	0	0	0	108	314	306	0	2901	91	78	0	605
14:25:00	51900	403	429	0	4019	10	16	0	110	0	0	0	150	6	6	0	43	12	9	0	125	1	0	0	109	285	302	0	2884	89	96	0	598
14:30:00	52200	426	386	0	4059	11	21	0	100	0	0	0	150	5	3	0	45	10	11	0	124	0	0	0	109	307	263	0	2928	93	88	0	603
14:35:00	52500	402	401	0	4060	14	14	0	100	0	0	0	150	4	2	0	47	9	3	0	130	1	0	0	110	291	296	0	2923	83	86	0	600
14:40:00	52800	444	408	0	4096	20	18	0	102	0	0	0	150	6	6	0	47	7	8	0	129	1	0	0	111	328	288	0	2963	82	88	0	594
14:45:00	53100	414	394	0	4116	17	16	0	103	0	0	0	150	3	5	0	45	5	7	0	127	1	0	0	112	300	286	0	2977	88	80	0	602
14:50:00	53400	440	427	0	4129	14	19	0	98	0	0	0	150	8	4	0	49	10	3	0	134	0	0	0	112	327	298	0	3006	81	103	0	580
14:55:00	53700	502	414	0	4217	22	13	0	107	0	0	0	150	6	6	0	49	9	8	0	135	0	0	0	112	359	305	0	3060	106	82	0	604
15:00:00	54000	435	429	0	4223	18	16	0	109	0	0	0	150	4	4	0	49	10	9	0	136	0	0	0	112	304	311	0	3053	99	89	0	614
15:05:00	54300	446	407	0	4262	17	18	0	108	0	0	0	150	7	6	0	50	8	4	0	140	1	0	0	113	304	297	0	3060	109	82	0	641
15:10:00	54600	406	397	0	4271	16	12	0	112	1	0	0	151	2	3	0	49	8	13	0	135	0	0	0	113	281	282	0	3059	98	87	0	652
15:15:00	54900	458	391	0	4338	23	18	0	117	0	0	0	151	7	3	0	53	8	3	0	140	0	0	0	113	310	286	0	3083	110	81	0	681
15:20:00	55200	504	442	0	4400	16	20	0	113	0	0	0	151	7	7	0	53	9	6	0	143	0	0	0	113	361	301	0	3143	111	108	0	684
15:25:00	55500	447	421	0	4426	18	17	0	114	0	0	0	151	10	7	0	56	6	10	0	139	0	0	0	113	307	285	0	3165	106	102	0	688
15:30:00	55800	474	394	0	4506	18	15	0	117	0	0	0	151	6	11	0	51	10	7	0	142	1	0	0	114	318	279	0	3204	121	82	0	727
15:35:00	56100	466	397	0	4575	15	20	0	112	0	0	0	151	7	6	0	52	7	8	0	141	0	0	0	114	332	270	0	3266	105	93	0	739
15:40:00	56400	456	408	0	4623	10	16	0	106	0	0	0	151	7	4	0	55	9	5	0	145	0	0	0	114	316	298	0	3284	114	85	0	768
15:45:00	56700	478	466	0	4635	14	13	0	107	1	0	0	152	8	3	0	60	10	8	0	147	0	0	0	114	341	325	0	3300	104	117	0	755
15:50:00	57000	522	450	0	4707	11	14	0	104	0	0	0	152	5	8	0	57	8	8	0	147	0	0	0	114	388	331	0	3357	110	89	0	776
15:55:00	57300	542	487	0	4762	24	29	0	99	0	0	0	152	11	3	0	65	8	11	0	144	0	0	0	114	391	338	0	3410	108	106	0	778
16:00:00	57600	539	473	0	4828	21	26	0	94	0	0	0	152	6	8	0	63	5	5	0	144	0	0	0	114	369	340	0	3439	138	94	0	822
16:05:00	57900	497	478	0	4847	21	18	0	97	0	0	0	152	10	10	0	63	14	8	0	150	0	0	0	114	339	341	0	3437	113	101	0	834
16:10:00	58200	522	460	0	4909	25	16	0	106	0	0	0	152	1	7	0	57	6	7	0	149	1	0	0	115	346	321	0	3462	143	109	0	868
16:15:00	58500	540	435	0	5014	23	21	0	108	0	0	0	152	6	2	0	61	7	4	0	152	0	0	0	115	373	296	0	3539	131	112	0	887
16:20:00	58800	538	465	0	5087	16	21	0	103	0	0	0	152	6	6	0	61	5	5	0	152	0	0	0	115	388	335	0	3592	123	98	0	912
16:25:00	59100	500	489	0	5098	21	20	0	104	0	0	0	152	5	7	0	59	6	10	0	148	0	0	0	115	340	335	0	3597	128	117	0	923
16:30:00	59400	459	411	0	5146	26	19	0	111	0	0	0	152	3	3	0	59	10	4	0	154	1	0	0	116	308	291	0	3614	111	94	0	940
16:35:00	59700	492	470	0	5168	18	20	0	109	0	0	0	152	4	4	0	59	7	12	0	149	1	0	0	117	341	325	0	3630	121	109	0	952
16:40:00	60000	496	474	0	5190	25	26	0	108	1	0	0	153	2	3	0	58	11	3	0	157	0	0	0	117	323	329	0	3624	134	113	0	973
16:45:00	60300	490	505	0	5175	24	19	0	113	0	0	0	153	7	4	0	61	8	9	0	156	0	0	0	117	321	348	0	3597	130	125	0	978
16:50:00	60600	498	476	0	5197	15	20	0	108	0	0	0	153	8	4	0	65	10	11	0	155	0	0	0	117	344	307	0	3634	121	134	0	965
16:55:00	60900	532	481	0	5248	17	16	0	109	0	0	0	153	6	2	0	69	15	8	0	162	0	0	0	117	382	344	0	3672	112	111	0	966
17:00:00	61200	478	478	0	5248	17	20	0	106	0	0	0	153	7	6	0	70	10	7	0	165	0	0	0	117	324	342	0	3654	120	103	0	983
17:05:00	61500	516	478	0	5286	26	31	0	101	0	0	0	153	1	7	0	64	6	10	0	161	0	0	0	117	352	312	0	3694	131	118	0	996
17:10:00	61800	527	503	0	5310	21	24	0	98	2	0	0	155	7	4	0	67	8	11	0	158	2	0	0	119	361	326	0	3729	126	138	0	984
17:15:00	62100	533	444	0	5399	33	24	0	107	0	0	0	155	4	2	0	69	12	7	0	163	1	0	0	120	333	303	0	3759	150	108	0	1026
17:20:00	62400	536	496	0	5439	27	19	0	115	0	0	0	155	12	8	0	73	8	8	0	163	0	0	0	120	361	326	0	3794	128	135	0	1019
17:25:00	62700	518	463	0	5494	22	27	0	110	0	0	0	155	10	6	0	77	7	8	0	162	0	0	0	120	348	306	0	3836	131	116	0	1034
17:30:00	63000	554	480	0	5568	23	18	0	115	0	0	0	155	10	13	0	74	6	7	0	161	1	0	0	121	364	331	0	3869	150	111	0	1073
17:35:00	63300	586	492	0	5662	24	26	0	113	0	0	0	155	8	7	0	75	11	4	0	168	0	0	0	121	395	325	0	3939	148	130	0	1091
17:40:00	63600	547	522	0	5687	32	25	0	120	1	0	0	156	8	8	0	75	8	10	0	166	0	0	0	121	374	346	0	3967	124	133	0	1082
17:45:00	63900	560	474	0	5773	20	23	0	117	0	0	0	156	6	5	0	76	10	9	0	167	0	0	0	121	402	312	0	4057	122	125	0	1079
17:50:00	64200	616	581	0	5808	27	24	0	120	0	0	0	156	10	9	0	77	8	6	0	169	0	0	0	121	433	409	0	4081	138	133	0	1084
17:55:00	64500	651	553	0	5906	31	23	0	128	0	0	0	156	9	8	0	78	13	9	0	173	1	0	0	122	469	384	0	4166	128	129	0	1083
18:00:00	64800	555	546	0	5915	31	20	0	139	0	0	0	156	8	9	0	77	18	10	0	181	0	0	0	122	370	399	0	4137	128	108	0	1103
18:05:00	65100	584	500	0	5999	20	26	0	133	0	0	0	156	6	6	0	77	12	7	0	186	0	0	0	122	390	345	0	4182	156	116	0	1143
18:10:00	65400	503	469	0	6033	25	30	0	128	0	0	0	156	5	6	0	76	9	12	0	183	0	0	0	122	325	312	0	4195	139	109	0	1173
18:15:00	65700	556	493	0	6096	31	28	0	131	1	0	0	157	6	3	0	79	8	13	0	178	0	0	0	122	388	330	0	4253	122	119	0	1176
18:20:00	66000	536	505	0	6127	32	28	0	135	0	0	0	157	10	2	0	87	7	8	0	177	0	0	0	122	386	344	0	4295	101	123	0	1154
18:25:00	66300	543	520	0	6150	21	27	0	129	1	0	0	158	8	8	0	87	9	7	0	179	1	0	0	123	372	323	0	4344	131	155	0	1130
18:30:00	66600	564	553	0	6161	27	35	0	121	0	0	0	158	6	8	0	85	7	6	0	180	0	0	0	123	388	368	0	4364	136	136	0	1130
18:35:00	66900	570	539	0	6192	29	29	0	121	0	0	0	158	5	6	0	84	7	9	0	178	1	0	0	124	415	359	0	4420	113	136	0	1107
18:40:00	67200	530	568	0	6154	23	23	0	121	1	0	0	159	7	5	0	86	7	6	0	179	0	0	0	124	381	390	0	4411	111	144	0	1074
18:45:00	67500	547	505	0	6196	30	27	0	124	0	0	0	159	7	6	0	87	9	8	0	180	1	0	0	125	388	342	0	4457	112	122	0	1064
18:50:00	67800	624	558	0	6262	35	40	0	119	0	0	0	159	6	6	0	87	11	6	0	185	0	0	0	125	461	394	0	4524	111	112	0	1063
18:55:00	68100	643	587	0	6318	36	31	0	124	0	0	0	159	8	8	0	87	14	6	0	193	0	0	0	125	466	432	0	4558	119	110	0	1072
19:00:00	68400	449	565	0	6202	21	27	0	118	0	0	0	159	2	5	0	84	12	9	0	196	0	0	0	125	300	388	0	4470	114	136	0	1050
19:05:00	68700	414	490	0	6126	20	23	0	115	1	0	0	160	2	3	0	83	7	15	0	188	0	0	0	125	277	322	0	4425	107	127	0	1030
19:10:00	69000	440	480	0	6086	25	26	0	114	0	0	0	160	2	2	0	83	5	5	0	188	0	0	0	125	311	308	0	4428	97	139	0	988
19:15:00	69300	376	460	0	6002	36	38	0	112	0	0	0	160	0	2	0	81	7	9	0	186	2	0	0	127	249	299	0	4378	82	112	0	958
19:20:00	69600	375	415	0	5962	14	23	0	103	0	0	0	160	5	3	0	83	6	7	0	185	0	0	0	127	257	272	0	4363	93	110	0	941
19:25:00	69900	347	398	0	5911	17	22	0	98	0	0	0	160	7	2	0	88	4	9	0	180	2	0	0	129	250	259	0	4354	67	106	0	902
19:30:00	70200	282	426	0	5767	14	31	0	81	0	0	0	160	4	3	0	89	6	5	0	181	0	0	0	129	203	269	0	4288	55	118	0	839
19:35:00	70500	299	420	0	5646	15	18	0	78	0	0	0	160	5	7	0	87	5	6	0	180	0	0	0	129	214	271	0	4231	60	118	0	781
19:40:00	70800	313	382	0	5577	24	23	0	79	0	0	0	160	7	6	0	88	11	7	0	184	0	0	0	129	211	252	0	4190	60	94	0	747
19:45:00	71100	324	420	0	5481	21	26	0	74	0	0	0	160	2	4	0	86	10	6	0	188	0	0	0	129	232	285	0	4137	59	99	0	707
19:50:00	71400	299	395	0	5385	20	34	0	60	0	0	0	160	7	2	0	91	4	7	0	185	0	0	0	129	214	252	0	4099	54	100	0	661
19:55:00	71700	325	396	0	5314	22	22	0	60	0	0	0	160	7	6	0	92	7	9	0	183	0	0	0	129	237	266	0	4070	52	93	0	620
20:00:00	72000	321	418	0	5217	17	26	0	51	0	0	0	160	6	8	0	90	4	7	0	180	0	0	0	129	232	269	0	4033	62	108	0	574
20:05:00	72300	235	361	0	5091	15	21	0	45	0	0	0	160	2	5	0	87	6	2	0	184	1	0	0	130	156	234	0	3955	55	99	0	530
20:10:00	72600	262	362	0	4991	10	11	0	44	0	0	0	160	5	2	0	90	1	5	0	180	0	0	0	130	193	250	0	3898	53	94	0	489
20:15:00	72900	278	339	0	4930	20	20	0	44	0	0	0	160	6	3	0	93	13	6	0	187	0	0	0	130	195	236	0	3857	44	74	0	459
20:20:00	73200	287	331	0	4886	22	22	0	44	0	0	0	160	2	3	0	92	11	9	0	189	0	0	0	130	193	228	0	3822	59	69	0	449
20:25:00	73500	254	355	0	4785	15	17	0	42	0	0	0	160	6	5	0	93	5	8	0	186	0	0	0	130	196	251	0	3767	32	74	0	407
20:30:00	73800	251	345	0	4691	22	20	0	44	0	0	0	160	3	4	0	92	7	5	0	188	0	0	0	130	171	234	0	3704	48	82	0	373
20:35:00	74100	258	319	0	4630	16	20	0	40	0	0	0	160	7	6	0	93	11	4	0	195	0	0	0	130	188	227	0	3665	36	62	0	347
20:40:00	74400	277	355	0	4552	22	18	0	44	0	0	0	160	1	4	0	90	6	10	0	191	0	0	0	130	218	257	0	3626	30	66	0	311
20:45:00	74700	258	314	0	4496	11	15	0	40	1	0	0	161	4	4	0	90	12	9	0	194	1	0	0	131	185	226	0	3585	44	60	0	295
20:50:00	75000	263	318	0	4441	15	20	0	35	0	0	0	161	3	5	0	88	9	5	0	198	0	0	0	131	206	226	0	3565	30	62	0	263
20:55:00	75300	276	324	0	4393	16	18	0	33	0	0	0	161	3	1	0	90	5	9	0	194	0	0	0	131	201	240	0	3526	51	56	0	258
21:00:00	75600	254	301	0	4346	18	13	0	38	0	0	0	161	0	1	0	89	5	6	0	193	1	0	0	132	174	234	0	3466	56	47	0	267
21:05:00	75900	248	334	0	4260	25	27	0	36	0	0	0	161	5	3	0	91	4	7	0	190	1	0	0	133	172	241	0	3397	41	56	0	252
21:10:00	76200	244	290	0	4214	10	20	0	26	0	0	0	161	4	4	0	91	9	9	0	190	0	0	0	133	184	209	0	3372	37	48	0	241
21:15:00	76500	245	283	0	4176	12	13	0	25	0	0	0	161	4	2	0	93	5	7	0	188	0	0	0	133	185	221	0	3336	39	40	0	240
21:20:00	76800	203	275	0	4104	15	22	0	18	0	0	0	161	2	4	0	91	5	7	0	186	0	0	0	133	153	202	0	3287	28	40	0	228
21:25:00	77100	242	298	0	4048	18	22	0	14	0	0	0	161	3	0	0	94	5	5	0	186	0	0	0	133	178	214	0	3251	38	57	0	209
21:30:00	77400	207	274	0	3981	13	16	0	11	0	0	0	161	4	1	0	97	5	6	0	185	0	0	0	133	159	191	0	3219	26	60	0	175
21:35:00	77700	200	258	0	3923	9	9	0	11	0	0	0	161	4	7	0	94	6	2	0	189	0	0	0	133	152	178	0	3193	29	62	0	142
21:40:00	78000	211	244	0	3890	10	11	0	10	0	0	0	161	3	2	0	95	4	4	0	189	0	0	0	133	169	179	0	3183	25	48	0	119
21:45:00	78300	261	261	0	3890	20	15	0	15	0	0	0	161	3	3	0	95	6	4	0	191	0	0	0	133	199	192	0	3190	33	47	0	105
21:50:00	78600	215	277	0	3828	13	11	0	17	0	0	0	161	2	4	0	93	6	6	0	191	1	0	0	134	159	216	0	3133	34	40	0	99
21:55:00	78900	261	261	0	3828	13	10	0	20	0	0	0	161	5	2	0	96	7	9	0	189	1	0	0	135	204	202	0	3135	31	38	0	92
22:00:00	79200	193	261	0	3760	15	17	0	18	0	0	0	161	6	7	0	95	2	4	0	187	0	0	0	135	131	200	0	3066	39	33	0	98
22:05:00	79500	224	269	0	3715	13	11	0	20	0	0	0	161	1	3	0	93	4	6	0	185	0	0	0	135	171	213	0	3024	35	36	0	97
22:10:00	79800	155	234	0	3636	9	15	0	14	0	0	0	161	1	1	0	93	4	3	0	186	0	0	0	135	120	180	0	2964	21	35	0	83
22:15:00	80100	174	232	0	3578	12	14	0	12	0	0	0	161	2	2	0	93	2	5	0	183	0	0	0	135	132	180	0	2916	26	31	0	78
22:20:00	80400	126	185	0	3519	9	11	0	10	0	0	0	161	2	2	0	93	9	1	0	191	0	0	0	135	98	144	0	2870	8	27	0	59
22:25:00	80700	127	206	0	3440	4	11	0	3	0	0	0	161	2	0	0	95	0	5	0	186	0	0	0	135	107	154	0	2823	14	36	0	37
22:30:00	81000	132	227	0	3345	9	11	0	1	0	0	0	161	4	5	0	94	4	3	0	187	1	0	0	136	100	179	0	2744	14	29	0	22
22:35:00	81300	93	170	0	3268	3	7	0	-3	0	0	0	161	1	1	0	94	1	3	0	185	0	0	0	136	78	128	0	2694	10	31	0	1
22:40:00	81600	102	205	0	3165	5	11	0	-9	0	0	0	161	2	3	0	93	0	4	0	181	0	0	0	136	83	136	0	2641	12	51	0	-38
22:45:00	81900	94	182	0	3077	3	5	0	-11	0	0	0	161	2	1	0	94	1	0	0	182	0	0	0	136	83	142	0	2582	5	34	0	-67
22:50:00	82200	93	184	0	2986	9	8	0	-10	0	0	0	161	1	1	0	94	1	3	0	180	0	0	0	136	73	137	0	2518	9	35	0	-93
22:55:00	82500	101	162	0	2925	9	10	0	-11	0	0	0	161	2	1	0	95	0	0	0	180	0	0	0	136	81	127	0	2472	9	24	0	-108
23:00:00	82800	107	164	0	2868	7	8	0	-12	0	0	0	161	0	3	0	92	1	0	0	181	1	0	0	137	85	127	0	2430	13	26	0	-121
23:05:00	83100	117	169	0	2816	7	8	0	-13	0	0	0	161	0	0	0	92	2	0	0	183	0	0	0	137	100	132	0	2398	8	29	0	-142
23:10:00	83400	101	164	0	2753	6	9	0	-16	0	0	0	161	1	0	0	93	1	3	0	181	2	0	0	139	81	129	0	2350	10	23	0	-155
23:15:00	83700	93	168	0	2678	9	10	0	-17	0	0	0	161	1	0	0	94	1	0	0	182	0	0	0	139	78	139	0	2289	4	19	0	-170
23:20:00	84000	110	155	0	2633	6	11	0	-22	0	0	0	161	1	2	0	93	2	0	0	184	0	0	0	139	98	124	0	2263	3	18	0	-185
23:25:00	84300	94	170	0	2557	8	8	0	-22	0	0	0	161	0	1	0	92	1	1	0	184	1	0	0	140	82	144	0	2201	2	16	0	-199
23:30:00	84600	74	131	0	2500	6	5	0	-21	0	0	0	161	0	0	0	92	1	1	0	184	0	0	0	140	62	116	0	2147	5	9	0	-203
23:35:00	84900	98	141	0	2457	3	3	0	-21	0	0	0	161	2	0	0	94	1	2	0	183	0	1	0	139	89	115	0	2121	3	20	0	-220
23:40:00	85200	97	129	0	2425	8	8	0	-21	0	0	0	161	0	1	0	93	1	2	0	182	0	0	0	139	83	104	0	2100	5	14	0	-229
23:45:00	85500	78	134	0	2369	3	6	0	-24	0	0	0	161	0	0	0	93	3	2	0	183	0	0	0	139	72	111	0	2061	0	15	0	-244
23:50:00	85800	83	147	0	2305	3	8	0	-29	0	0	0	161	1	1	0	93	2	2	0	183	0	0	0	139	76	124	0	2013	1	12	0	-255
23:55:00	86100	81	123	0	2263	11	8	0	-26	0	0	0	161	1	1	0	93	2	2	0	183	0	0	0	139	64	103	0	1974	3	9	0	-261
24:00:00	86400	116	136	0	2243	5	4	0	-25	0	0	0	161	1	1	0	93	1	1	0	183	0	0	0	139	108	118	0	1964	1	12	0	-272
24:05:00	86700	53	138	0	2158	3	6	0	-28	0	0	0	161	1	0	0	94	1	2	0	182	0	0	0	139	46	120	0	1890	2	10	0	-280
24:10:00	87000	33	108	0	2083	4	7	0	-31	0	0	0	161	2	2	0	94	1	2	0	181	0	0	0	139	24	93	0	1821	2	4	0	-282
24:15:00	87300	35	112	0	2006	4	4	0	-31	0	0	0	161	0	0	0	94	0	1	0	180	0	0	0	139	29	102	0	1748	2	5	0	-285
24:20:00	87600	31	88	0	1949	0	1	0	-32	0	0	0	161	0	0	0	94	0	0	0	180	0	0	0	139	30	83	0	1695	1	4	0	-288
24:25:00	87900	25	79	0	1895	1	2	0	-33	0	0	0	161	0	0	0	94	0	0	0	180	0	0	0	139	23	75	0	1643	1	2	0	-289
24:30:00	88200	22	74	0	1843	3	3	0	-33	0	0	0	161	0	0	0	94	0	0	0	180	0	0	0	139	19	70	0	1592	0	1	0	-290
24:35:00	88500	18	63	0	1798	3	3	0	-33	0	0	0	161	0	0	0	94	0	0	0	180	0	0	0	139	15	58	0	1549	0	2	0	-292
24:40:00	88800	18	77	0	1739	3	5	0	-35	0	0	0	161	0	0	0	94	0	0	0	180	0	0	0	139	15	68	0	1496	0	4	0	-296
24:45:00	89100	18	86	0	1671	2	3	0	-36	0	0	0	161	0	0	0	94	0	0	0	180	0	0	0	139	16	82	0	1430	0	1	0	-297
24:50:00	89400	15	71	0	1615	1	5	0	-40	0	0	0	161	0	0	0	94	0	0	0	180	0	0	0	139	14	64	0	1380	0	2	0	-299
24:55:00	89700	18	71	0	1562	0	2	0	-42	0	0	0	161	0	0	0	94	0	0	0	180	0	0	0	139	18	65	0	1333	0	4	0	-303
25:00:00	90000	18	73	0	1507	0	3	0	-45	0	0	0	161	0	0	0	94	0	0	0	180	0	0	0	139	18	69	0	1282	0	1	0	-304
25:05:00	90300	26	67	0	1466	2	4	0	-47	0	0	0	161	0	0	0	94	0	0	0	180	0	0	0	139	24	62	0	1244	0	1	0	-305
25:10:00	90600	16	68	0	1414	2	2	0	-47	0	0	0	161	0	0	0	94	0	0	0	180	0	0	0	139	14	65	0	1193	0	1	0	-306
25:15:00	90900	18	53	0	1379	2	1	0	-46	0	0	0	161	0	0	0	94	0	0	0	180	0	0	0	139	16	52	0	1157	0	0	0	-306
25:20:00	91200	17	61	0	1335	0	0	0	-46	0	0	0	161	0	0	0	94	0	0	0	180	0	0	0	139	17	61	0	1113	0	0	0	-306
25:25:00	91500	13	55	0	1293	1	1	0	-46	0	0	0	161	0	0	0	94	0	0	0	180	0	0	0	139	12	54	0	1071	0	0	0	-306
25:30:00	91800	15	57	0	1251	1	1	0	-46	0	0	0	161	0	0	0	94	0	0	0	180	0	0	0	139	14	55	0	1030	0	1	0	-307
25:35:00	92100	18	69	0	1200	3	3	0	-46	0	0	0	161	0	0	0	94	0	0	0	180	0	0	0	139	15	66	0	979	0	0	0	-307
25:40:00	92400	7	52	0	1155	1	2	0	-47	0	0	0	161	0	0	0	94	0	0	0	180	0	0	0	139	6	50	0	935	0	0	0	-307
25:45:00	92700	12	56	0	1111	2	1	0	-46	0	0	0	161	0	0	0	94	0	0	0	180	0	0	0	139	10	55	0	890	0	0	0	-307
25:50:00	93000	15	54	0	1072	1	2	0	-47	0	0	0	161	0	0	0	94	0	0	0	180	0	0	0	139	14	52	0	852	0	0	0	-307
25:55:00	93300	15	48	0	1039	2	2	0	-47	0	0	0	161	0	0	0	94	0	0	0	180	0	0	0	139	13	46	0	819	0	0	0	-307
26:00:00	93600	7	47	0	999	0	1	0	-48	0	0	0	161	0	0	0	94	0	0	0	180	0	0	0	139	7	46	0	780	0	0	0	-307
26:05:00	93900	13	45	0	967	0	0	0	-48	0	0	0	161	0	0	0	94	0	0	0	180	0	0	0	139	13	45	0	748	0	0	0	-307
26:10:00	94200	10	33	0	944	0	0	0	-48	0	0	0	161	0	0	0	94	0	0	0	180	0	0	0	139	10	33	0	725	0	0	0	-307
26:15:00	94500	11	33	0	922	0	0	0	-48	0	0	0	161	0	0	0	94	0	0	0	180	0	0	0	139	11	33	0	703	0	0	0	-307
26:20:00	94800	7	32	0	897	1	4	0	-51	0	0	0	161	0	0	0	94	0	0	0	180	0	0	0	139	6	28	0	681	0	0	0	-307
26:25:00	95100	20	48	0	869	3	2	0	-50	0	0	0	161	0	0	0	94	0	0	0	180	0	0	0	139	17	46	0	652	0	0	0	-307
26:30:00	95400	11	27	0	853	1	1	0	-50	0	0	0	161	0	0	0	94	0	0	0	180	0	0	0	139	10	26	0	636	0	0	0	-307
26:35:00	95700	7	38	0	822	1	1	0	-50	0	0	0	161	0	0	0	94	0	0	0	180	0	0	0	139	6	37	0	605	0	0	0	-307
26:40:00	96000	9	26	0	805	0	1	0	-51	0	0	0	161	0	0	0	94	0	0	0	180	0	0	0	139	9	25	0	589	0	0	0	-307
26:45:00	96300	5	28	0	782	3	1	0	-49	0	0	0	161	0	0	0	94	0	0	0	180	0	0	0	139	2	27	0	564	0	0	0	-307
26:50:00	96600	6	19	0	769	0	0	0	-49	0	0	0	161	0	0	0	94	0	0	0	180	0	0	0	139	6	19	0	551	0	0	0	-307
26:55:00	96900	7	36	0	740	0	0	0	-49	0	0	0	161	0	0	0	94	0	0	0	180	0	0	0	139	7	36	0	522	0	0	0	-307
27:00:00	97200	4	19	0	725	1	0	0	-48	0	0	0	161	0	0	0	94	0	0	0	180	0	0	0	139	3	19	0	506	0	0	0	-307
27:05:00	97500	4	24	0	705	0	0	0	-48	0	0	0	161	0	0	0	94	0	0	0	180	0	0	0	139	4	24	0	486	0	0	0	-307
27:10:00	97800	6	17	0	694	1	1	0	-48	0	0	0	161	0	0	0	94	0	0	0	180	0	0	0	139	5	16	0	475	0	0	0	-307
27:15:00	98100	5	23	0	676	1	0	0	-47	0	0	0	161	0	0	0	94	0	0	0	180	0	0	0	139	4	23	0	456	0	0	0	-307
27:20:00	98400	4	27	0	653	0	2	0	-49	0	0	0	161	0	0	0	94	0	0	0	180	0	0	0	139	4	25	0	435	0	0	0	-307
27:25:00	98700	5	20	0	638	3	1	0	-47	0	0	0	161	0	0	0	94	0	0	0	180	0	0	0	139	2	19	0	418	0	0	0	-307
27:30:00	99000	7	21	0	624	0	1	0	-48	0	0	0	161	0	0	0	94	0	0	0	180	0	0	0	139	7	20	0	405	0	0	0	-307
27:35:00	99300	5	25	0	604	2	2	0	-48	0	0	0	161	0	0	0	94	0	0	0	180	0	0	0	139	3	23	0	385	0	0	0	-307
27:40:00	99600	4	18	0	590	0	0	0	-48	0	0	0	161	0	0	0	94	0	0	0	180	0	0	0	139	4	18	0	371	0	0	0	-307
27:45:00	99900	8	20	0	578	2	1	0	-47	0	0	0	161	0	0	0	94	0	0	0	180	0	0	0	139	6	19	0	358	0	0	0	-307
27:50:00	100200	6	12	0	572	1	1	0	-47	0	0	0	161	0	0	0	94	0	0	0	180	0	0	0	139	5	11	0	352	0	0	0	-307
27:55:00	100500	8	15	0	565	2	2	0	-47	0	0	0	161	0	0	0	94	0	0	0	180	0	0	0	139	6	13	0	345	0	0	0	-307
28:00:00	100800	6	15	0	556	1	1	0	-47	0	0	0	161	0	0	0	94	0	0	0	180	0	0	0	139	5	14	0	336	0	0	0	-307
28:05:00	101100	7	20	0	543	0	0	0	-47	0	0	0	161	0	0	0	94	0	0	0	180	0	0	0	139	7	20	0	323	0	0	0	-307
28:10:00	101400	5	18	0	530	0	2	0	-49	0	0	0	161	0	0	0	94	0	0	0	180	0	0	0	139	5	16	0	312	0	0	0	-307
28:15:00	101700	4	18	0	516	0	0	0	-49	0	0	0	161	0	0	0	94	0	0	0	180	0	0	0	139	4	18	0	298	0	0	0	-307
28:20:00	102000	6	15	0	507	1	1	0	-49	0	0	0	161	0	0	0	94	0	0	0	180	0	0	0	139	5	14	0	289	0	0	0	-307
28:25:00	102300	5	16	0	496	2	2	0	-49	0	0	0	161	0	0	0	94	0	0	0	180	0	0	0	139	3	14	0	278	0	0	0	-307
28:30:00	102600	3	12	0	487	0	0	0	-49	0	0	0	161	0	0	0	94	0	0	0	180	0	0	0	139	3	12	0	269	0	0	0	-307
28:35:00	102900	4	9	0	482	0	1	0	-50	0	0	0	161	0	0	0	94	0	0	0	180	0	0	0	139	4	8	0	265	0	0	0	-307
28:40:00	103200	4	17	0	469	1	1	0	-50	0	0	0	161	0	0	0	94	0	0	0	180	0	0	0	139	3	16	0	252	0	0	0	-307
28:45:00	103500	3	13	0	459	0	0	0	-50	0	0	0	161	0	0	0	94	0	0	0	180	0	0	0	139	3	13	0	242	0	0	0	-307
28:50:00	103800	3	10	0	452	0	0	0	-50	0	0	0	161	0	0	0	94	0	0	0	180	0	0	0	139	3	10	0	235	0	0	0	-307
28:55:00	104100	1	10	0	443	0	0	0	-50	0	0	0	161	0	0	0	94	0	0	0	180	0	0	0	139	1	10	0	226	0	0	0	-307
29:00:00	104400	2	9	0	436	0	0	0	-50	0	0	0	161	0	0	0	94	0	0	0	180	0	0	0	139	2	9	0	219	0	0	0	-307
29:05:00	104700	3	9	0	430	1	1	0	-50	0	0	0	161	0	0	0	94	0	0	0	180	0	0	0	139	2	8	0	213	0	0	0	-307
29:10:00	105000	4	10	0	424	0	0	0	-50	0	0	0	161	0	0	0	94	0	0	0	180	0	0	0	139	4	10	0	207	0	0	0	-307
29:15:00	105300	7	14	0	417	1	1	0	-50	0	0	0	161	0	0	0	94	0	0	0	180	0	0	0	139	6	13	0	200	0	0	0	-307
29:20:00	105600	8	17	0	408	1	1	0	-50	0	0	0	161	0	0	0	94	0	0	0	180	0	0	0	139	7	16	0	191	0	0	0	-307
29:25:00	105900	6	13	0	401	0	0	0	-50	0	0	0	161	0	0	0	94	0	0	0	180	0	0	0	139	6	13	0	184	0	0	0	-307
29:30:00	106200	3	8	0	396	0	0	0	-50	0	0	0	161	0	0	0	94	0	0	0	180	0	0	0	139	3	8	0	179	0	0	0	-307
29:35:00	106500	1	10	0	387	0	0	0	-50	0	0	0	161	0	0	0	94	0	0	0	180	0	0	0	139	1	10	0	170	0	0	0	-307
29:40:00	106800	1	7	0	381	0	0	0	-50	0	0	0	161	0	0	0	94	0	0	0	180	0	0	0	139	1	7	0	164	0	0	0	-307
29:45:00	107100	2	5	0	378	0	0	0	-50	0	0	0	161	0	0	0	94	0	0	0	180	0	0	0	139	2	5	0	161	0	0	0	-307
29:50:00	107400	4	9	0	373	0	1	0	-51	0	0	0	161	0	0	0	94	0	0	0	180	0	0	0	139	4	8	0	157	0	0	0	-307
29:55:00	107700	4	12	0	365	1	1	0	-51	0	0	0	161	0	0	0	94	0	0	0	180	0	0	0	139	3	11	0	149	0	0	0	-307
30:00:00	108000	0	0	0	365	0	0	0	-51	0	0	0	161	0	0	0	94	0	0	0	180	0	0	0	139	0	0	0	149	0	0	0	-307
30:05:00	108300	0	0	0	365	0	0	0	-51	0	0	0	161	0	0	0	94	0	0	0	180	0	0	0	139	0	0	0	149	0	0	0	-307
