time	time	departures_all	arrivals_all	stuck_all	en-route_all	departures_car	arrivals_car	stuck_car	en-route_car	departures_drive_transit	arrivals_drive_transit	stuck_drive_transit	en-route_drive_transit	departures_ride_hail	arrivals_ride_hail	stuck_ride_hail	en-route_ride_hail	departures_ride_hail_pooled	arrivals_ride_hail_pooled	stuck_ride_hail_pooled	en-route_ride_hail_pooled	departures_ride_hail_transit	arrivals_ride_hail_transit	stuck_ride_hail_transit	en-route_ride_hail_transit	departures_walk	arrivals_walk	stuck_walk	en-route_walk	departures_walk_transit	arrivals_walk_transit	stuck_walk_transit	en-route_walk_transit
00:00:00	0	0	0	0	0	0	0	0	0	0	0	0	0	0	0	0	0	0	0	0	0	0	0	0	0	0	0	0	0	0	0	0	0
00:05:00	300	0	0	0	0	0	0	0	0	0	0	0	0	0	0	0	0	0	0	0	0	0	0	0	0	0	0	0	0	0	0	0	0
00:10:00	600	0	0	0	0	0	0	0	0	0	0	0	0	0	0	0	0	0	0	0	0	0	0	0	0	0	0	0	0	0	0	0	0
00:15:00	900	0	0	0	0	0	0	0	0	0	0	0	0	0	0	0	0	0	0	0	0	0	0	0	0	0	0	0	0	0	0	0	0
00:20:00	1200	0	0	0	0	0	0	0	0	0	0	0	0	0	0	0	0	0	0	0	0	0	0	0	0	0	0	0	0	0	0	0	0
00:25:00	1500	0	0	0	0	0	0	0	0	0	0	0	0	0	0	0	0	0	0	0	0	0	0	0	0	0	0	0	0	0	0	0	0
00:30:00	1800	0	0	0	0	0	0	0	0	0	0	0	0	0	0	0	0	0	0	0	0	0	0	0	0	0	0	0	0	0	0	0	0
00:35:00	2100	0	0	0	0	0	0	0	0	0	0	0	0	0	0	0	0	0	0	0	0	0	0	0	0	0	0	0	0	0	0	0	0
00:40:00	2400	0	0	0	0	0	0	0	0	0	0	0	0	0	0	0	0	0	0	0	0	0	0	0	0	0	0	0	0	0	0	0	0
00:45:00	2700	0	0	0	0	0	0	0	0	0	0	0	0	0	0	0	0	0	0	0	0	0	0	0	0	0	0	0	0	0	0	0	0
00:50:00	3000	0	0	0	0	0	0	0	0	0	0	0	0	0	0	0	0	0	0	0	0	0	0	0	0	0	0	0	0	0	0	0	0
00:55:00	3300	0	0	0	0	0	0	0	0	0	0	0	0	0	0	0	0	0	0	0	0	0	0	0	0	0	0	0	0	0	0	0	0
01:00:00	3600	0	0	0	0	0	0	0	0	0	0	0	0	0	0	0	0	0	0	0	0	0	0	0	0	0	0	0	0	0	0	0	0
01:05:00	3900	0	0	0	0	0	0	0	0	0	0	0	0	0	0	0	0	0	0	0	0	0	0	0	0	0	0	0	0	0	0	0	0
01:10:00	4200	0	0	0	0	0	0	0	0	0	0	0	0	0	0	0	0	0	0	0	0	0	0	0	0	0	0	0	0	0	0	0	0
01:15:00	4500	0	0	0	0	0	0	0	0	0	0	0	0	0	0	0	0	0	0	0	0	0	0	0	0	0	0	0	0	0	0	0	0
01:20:00	4800	0	0	0	0	0	0	0	0	0	0	0	0	0	0	0	0	0	0	0	0	0	0	0	0	0	0	0	0	0	0	0	0
01:25:00	5100	0	0	0	0	0	0	0	0	0	0	0	0	0	0	0	0	0	0	0	0	0	0	0	0	0	0	0	0	0	0	0	0
01:30:00	5400	0	0	0	0	0	0	0	0	0	0	0	0	0	0	0	0	0	0	0	0	0	0	0	0	0	0	0	0	0	0	0	0
01:35:00	5700	0	0	0	0	0	0	0	0	0	0	0	0	0	0	0	0	0	0	0	0	0	0	0	0	0	0	0	0	0	0	0	0
01:40:00	6000	0	0	0	0	0	0	0	0	0	0	0	0	0	0	0	0	0	0	0	0	0	0	0	0	0	0	0	0	0	0	0	0
01:45:00	6300	0	0	0	0	0	0	0	0	0	0	0	0	0	0	0	0	0	0	0	0	0	0	0	0	0	0	0	0	0	0	0	0
01:50:00	6600	0	0	0	0	0	0	0	0	0	0	0	0	0	0	0	0	0	0	0	0	0	0	0	0	0	0	0	0	0	0	0	0
01:55:00	6900	0	0	0	0	0	0	0	0	0	0	0	0	0	0	0	0	0	0	0	0	0	0	0	0	0	0	0	0	0	0	0	0
02:00:00	7200	0	0	0	0	0	0	0	0	0	0	0	0	0	0	0	0	0	0	0	0	0	0	0	0	0	0	0	0	0	0	0	0
02:05:00	7500	0	0	0	0	0	0	0	0	0	0	0	0	0	0	0	0	0	0	0	0	0	0	0	0	0	0	0	0	0	0	0	0
02:10:00	7800	0	0	0	0	0	0	0	0	0	0	0	0	0	0	0	0	0	0	0	0	0	0	0	0	0	0	0	0	0	0	0	0
02:15:00	8100	0	0	0	0	0	0	0	0	0	0	0	0	0	0	0	0	0	0	0	0	0	0	0	0	0	0	0	0	0	0	0	0
02:20:00	8400	0	0	0	0	0	0	0	0	0	0	0	0	0	0	0	0	0	0	0	0	0	0	0	0	0	0	0	0	0	0	0	0
02:25:00	8700	0	0	0	0	0	0	0	0	0	0	0	0	0	0	0	0	0	0	0	0	0	0	0	0	0	0	0	0	0	0	0	0
02:30:00	9000	0	0	0	0	0	0	0	0	0	0	0	0	0	0	0	0	0	0	0	0	0	0	0	0	0	0	0	0	0	0	0	0
02:35:00	9300	0	0	0	0	0	0	0	0	0	0	0	0	0	0	0	0	0	0	0	0	0	0	0	0	0	0	0	0	0	0	0	0
02:40:00	9600	0	0	0	0	0	0	0	0	0	0	0	0	0	0	0	0	0	0	0	0	0	0	0	0	0	0	0	0	0	0	0	0
02:45:00	9900	0	0	0	0	0	0	0	0	0	0	0	0	0	0	0	0	0	0	0	0	0	0	0	0	0	0	0	0	0	0	0	0
02:50:00	10200	0	0	0	0	0	0	0	0	0	0	0	0	0	0	0	0	0	0	0	0	0	0	0	0	0	0	0	0	0	0	0	0
02:55:00	10500	0	0	0	0	0	0	0	0	0	0	0	0	0	0	0	0	0	0	0	0	0	0	0	0	0	0	0	0	0	0	0	0
03:00:00	10800	0	0	0	0	0	0	0	0	0	0	0	0	0	0	0	0	0	0	0	0	0	0	0	0	0	0	0	0	0	0	0	0
03:05:00	11100	0	0	0	0	0	0	0	0	0	0	0	0	0	0	0	0	0	0	0	0	0	0	0	0	0	0	0	0	0	0	0	0
03:10:00	11400	0	0	0	0	0	0	0	0	0	0	0	0	0	0	0	0	0	0	0	0	0	0	0	0	0	0	0	0	0	0	0	0
03:15:00	11700	0	0	0	0	0	0	0	0	0	0	0	0	0	0	0	0	0	0	0	0	0	0	0	0	0	0	0	0	0	0	0	0
03:20:00	12000	0	0	0	0	0	0	0	0	0	0	0	0	0	0	0	0	0	0	0	0	0	0	0	0	0	0	0	0	0	0	0	0
03:25:00	12300	0	0	0	0	0	0	0	0	0	0	0	0	0	0	0	0	0	0	0	0	0	0	0	0	0	0	0	0	0	0	0	0
03:30:00	12600	0	0	0	0	0	0	0	0	0	0	0	0	0	0	0	0	0	0	0	0	0	0	0	0	0	0	0	0	0	0	0	0
03:35:00	12900	0	0	0	0	0	0	0	0	0	0	0	0	0	0	0	0	0	0	0	0	0	0	0	0	0	0	0	0	0	0	0	0
03:40:00	13200	0	0	0	0	0	0	0	0	0	0	0	0	0	0	0	0	0	0	0	0	0	0	0	0	0	0	0	0	0	0	0	0
03:45:00	13500	0	0	0	0	0	0	0	0	0	0	0	0	0	0	0	0	0	0	0	0	0	0	0	0	0	0	0	0	0	0	0	0
03:50:00	13800	0	0	0	0	0	0	0	0	0	0	0	0	0	0	0	0	0	0	0	0	0	0	0	0	0	0	0	0	0	0	0	0
03:55:00	14100	0	0	0	0	0	0	0	0	0	0	0	0	0	0	0	0	0	0	0	0	0	0	0	0	0	0	0	0	0	0	0	0
04:00:00	14400	0	0	0	0	0	0	0	0	0	0	0	0	0	0	0	0	0	0	0	0	0	0	0	0	0	0	0	0	0	0	0	0
04:05:00	14700	0	0	0	0	0	0	0	0	0	0	0	0	0	0	0	0	0	0	0	0	0	0	0	0	0	0	0	0	0	0	0	0
04:10:00	15000	0	0	0	0	0	0	0	0	0	0	0	0	0	0	0	0	0	0	0	0	0	0	0	0	0	0	0	0	0	0	0	0
04:15:00	15300	0	0	0	0	0	0	0	0	0	0	0	0	0	0	0	0	0	0	0	0	0	0	0	0	0	0	0	0	0	0	0	0
04:20:00	15600	0	0	0	0	0	0	0	0	0	0	0	0	0	0	0	0	0	0	0	0	0	0	0	0	0	0	0	0	0	0	0	0
04:25:00	15900	0	0	0	0	0	0	0	0	0	0	0	0	0	0	0	0	0	0	0	0	0	0	0	0	0	0	0	0	0	0	0	0
04:30:00	16200	0	0	0	0	0	0	0	0	0	0	0	0	0	0	0	0	0	0	0	0	0	0	0	0	0	0	0	0	0	0	0	0
04:35:00	16500	0	0	0	0	0	0	0	0	0	0	0	0	0	0	0	0	0	0	0	0	0	0	0	0	0	0	0	0	0	0	0	0
04:40:00	16800	0	0	0	0	0	0	0	0	0	0	0	0	0	0	0	0	0	0	0	0	0	0	0	0	0	0	0	0	0	0	0	0
04:45:00	17100	0	0	0	0	0	0	0	0	0	0	0	0	0	0	0	0	0	0	0	0	0	0	0	0	0	0	0	0	0	0	0	0
04:50:00	17400	0	0	0	0	0	0	0	0	0	0	0	0	0	0	0	0	0	0	0	0	0	0	0	0	0	0	0	0	0	0	0	0
04:55:00	17700	0	0	0	0	0	0	0	0	0	0	0	0	0	0	0	0	0	0	0	0	0	0	0	0	0	0	0	0	0	0	0	0
05:00:00	18000	25	3	0	22	4	0	0	4	1	0	0	1	0	0	0	0	0	0	0	0	0	0	0	0	20	3	0	17	0	0	0	0
05:05:00	18300	29	5	0	46	2	0	0	6	1	0	0	2	0	0	0	0	1	0	0	1	0	0	0	0	25	5	0	37	0	0	0	0
05:10:00	18600	67	6	0	107	7	0	0	13	1	0	0	3	2	0	0	2	1	0	0	2	0	0	0	0	50	6	0	81	6	0	0	6
05:15:00	18900	65	8	0	164	8	0	0	21	0	0	0	3	1	2	0	1	0	0	0	2	2	0	0	2	45	6	0	120	9	0	0	15
05:20:00	19200	75	15	0	224	9	0	0	30	1	0	0	4	1	1	0	1	1	1	0	2	0	0	0	2	47	13	0	154	16	0	0	31
05:25:00	19500	85	16	0	293	5	0	0	35	1	0	0	5	0	1	0	0	0	1	0	1	0	0	0	2	57	14	0	197	22	0	0	53
05:30:00	19800	85	10	0	368	7	0	0	42	1	0	0	6	4	0	0	4	0	0	0	1	1	0	0	3	42	8	0	231	30	2	0	81
05:35:00	20100	96	21	0	443	7	2	0	47	0	0	0	6	1	3	0	2	3	0	0	4	1	0	0	4	49	15	0	265	35	1	0	115
05:40:00	20400	83	29	0	497	9	0	0	56	1	0	0	7	2	1	0	3	1	2	0	3	0	0	0	4	37	23	0	279	33	3	0	145
05:45:00	20700	99	25	0	571	11	0	0	67	2	0	0	9	1	2	0	2	0	0	0	3	0	0	0	4	57	22	0	314	28	1	0	172
05:50:00	21000	106	36	0	641	9	2	0	74	0	0	0	9	0	1	0	1	2	2	0	3	0	0	0	4	68	28	0	354	27	3	0	196
05:55:00	21300	109	40	0	710	4	0	0	78	1	0	0	10	3	0	0	4	2	0	0	5	0	0	0	4	70	32	0	392	29	8	0	217
06:00:00	21600	152	62	0	800	12	1	0	89	1	0	0	11	1	3	0	2	1	1	0	5	0	0	0	4	92	42	0	442	45	15	0	247
06:05:00	21900	136	51	0	885	10	3	0	96	1	0	0	12	2	2	0	2	4	2	0	7	0	0	0	4	82	36	0	488	37	8	0	276
06:10:00	22200	155	51	0	989	11	3	0	104	2	0	0	14	3	2	0	3	3	1	0	9	0	0	0	4	88	33	0	543	48	12	0	312
06:15:00	22500	174	60	0	1103	15	7	0	112	2	0	0	16	1	3	0	1	4	3	0	10	3	0	0	7	91	34	0	600	58	13	0	357
06:20:00	22800	203	64	0	1242	11	4	0	119	1	0	0	17	1	2	0	0	1	3	0	8	0	0	0	7	112	28	0	684	77	27	0	407
06:25:00	23100	194	77	0	1359	11	5	0	125	1	0	0	18	0	0	0	0	0	2	0	6	0	0	0	7	124	51	0	757	58	19	0	446
06:30:00	23400	182	88	0	1453	13	7	0	131	1	0	0	19	3	3	0	0	4	2	0	8	0	0	0	7	89	52	0	794	72	24	0	494
06:35:00	23700	226	68	0	1611	16	7	0	140	2	0	0	21	2	1	0	1	2	1	0	9	2	0	0	9	108	39	0	863	94	20	0	568
06:40:00	24000	207	103	0	1715	9	7	0	142	1	0	0	22	1	1	0	1	3	1	0	11	0	0	0	9	113	60	0	916	80	34	0	614
06:45:00	24300	209	115	0	1809	15	9	0	148	1	0	0	23	1	3	0	-1	2	4	0	9	0	0	0	9	104	60	0	960	86	39	0	661
06:50:00	24600	252	117	0	1944	14	5	0	157	3	0	0	26	1	0	0	0	2	3	0	8	0	0	0	9	130	76	0	1014	102	33	0	730
06:55:00	24900	216	130	0	2030	8	8	0	157	1	0	0	27	5	1	0	4	3	1	0	10	0	0	0	9	120	70	0	1064	79	50	0	759
07:00:00	25200	282	156	0	2156	11	6	0	162	1	0	0	28	2	5	0	1	3	3	0	10	2	0	0	11	176	87	0	1153	87	55	0	791
07:05:00	25500	306	141	0	2321	18	11	0	169	4	0	0	32	2	2	0	1	1	2	0	9	1	0	0	12	194	65	0	1282	86	61	0	816
07:10:00	25800	393	168	0	2546	22	11	0	180	4	0	0	36	2	1	0	2	2	3	0	8	2	0	0	14	246	88	0	1440	115	65	0	866
07:15:00	26100	440	167	0	2819	20	14	0	186	5	0	0	41	4	3	0	3	5	2	0	11	0	0	0	14	281	100	0	1621	125	48	0	943
07:20:00	26400	484	195	0	3108	19	16	0	189	2	0	0	43	5	4	0	4	5	1	0	15	2	0	0	16	299	117	0	1803	152	57	0	1038
07:25:00	26700	483	210	0	3381	14	10	0	193	6	0	0	49	3	3	0	4	6	2	0	19	0	0	0	16	291	135	0	1959	163	60	0	1141
07:30:00	27000	472	268	0	3585	19	20	0	192	3	0	0	52	2	4	0	2	6	4	0	21	5	0	0	21	277	136	0	2100	160	104	0	1197
07:35:00	27300	486	215	0	3856	22	11	0	203	8	0	0	60	4	2	0	4	2	3	0	20	3	0	0	24	253	127	0	2226	194	72	0	1319
07:40:00	27600	537	248	0	4145	27	8	0	222	2	0	0	62	4	3	0	5	1	2	0	19	1	0	0	25	297	143	0	2380	205	92	0	1432
07:45:00	27900	541	286	0	4400	24	10	0	236	8	0	0	70	4	3	0	6	5	4	0	20	2	0	0	27	308	178	0	2510	190	91	0	1531
07:50:00	28200	542	294	0	4648	26	12	0	250	5	0	0	75	6	5	0	7	5	3	0	22	0	0	0	27	331	176	0	2665	169	98	0	1602
07:55:00	28500	530	323	0	4855	23	13	0	260	3	0	0	78	5	5	0	7	4	3	0	23	0	0	0	27	327	192	0	2800	168	110	0	1660
08:00:00	28800	510	356	0	5009	15	20	0	255	8	0	0	86	4	5	0	6	5	3	0	25	0	0	0	27	300	192	0	2908	178	136	0	1702
08:05:00	29100	492	343	0	5158	18	16	0	257	5	0	0	91	7	1	0	12	9	6	0	28	1	0	0	28	278	193	0	2993	174	127	0	1749
08:10:00	29400	549	352	0	5355	12	13	0	256	1	0	0	92	2	4	0	10	5	2	0	31	1	0	0	29	347	196	0	3144	181	137	0	1793
08:15:00	29700	533	398	0	5490	15	19	0	252	3	0	0	95	3	6	0	7	5	3	0	33	0	0	0	29	330	219	0	3255	177	151	0	1819
08:20:00	30000	569	398	0	5661	13	18	0	247	2	0	0	97	2	2	0	7	6	9	0	30	1	0	0	30	350	238	0	3367	195	131	0	1883
08:25:00	30300	531	454	0	5738	17	14	0	250	5	0	0	102	1	2	0	6	9	4	0	35	0	0	0	30	339	266	0	3440	160	168	0	1875
08:30:00	30600	537	436	0	5839	17	24	0	243	3	0	0	105	4	1	0	9	7	4	0	38	1	0	0	31	341	222	0	3559	164	185	0	1854
08:35:00	30900	575	427	0	5987	15	14	0	244	2	0	0	107	4	2	0	11	4	6	0	36	2	0	0	33	366	235	0	3690	182	170	0	1866
08:40:00	31200	552	449	0	6090	21	26	0	239	1	0	0	108	3	4	0	10	6	4	0	38	0	0	0	33	345	242	0	3793	176	173	0	1869
08:45:00	31500	569	518	0	6141	15	24	0	230	4	0	0	112	4	4	0	10	5	5	0	38	2	0	0	35	356	281	0	3868	183	204	0	1848
08:50:00	31800	572	474	0	6239	19	20	0	229	2	0	0	114	8	2	0	16	7	2	0	43	1	0	0	36	387	298	0	3957	148	152	0	1844
08:55:00	32100	606	557	0	6288	21	29	0	221	2	0	0	116	3	6	0	13	3	3	0	43	1	0	0	37	424	314	0	4067	152	205	0	1791
09:00:00	32400	525	584	0	6229	10	26	0	205	2	0	0	118	4	4	0	13	5	3	0	45	0	0	0	37	335	357	0	4045	169	194	0	1766
09:05:00	32700	452	506	0	6175	10	20	0	195	2	0	0	120	7	4	0	16	5	7	0	43	1	0	0	38	279	308	0	4016	148	167	0	1747
09:10:00	33000	419	488	0	6106	8	15	0	188	0	0	0	120	5	7	0	14	5	1	0	47	0	0	0	38	252	297	0	3971	149	168	0	1728
09:15:00	33300	385	497	0	5994	5	19	0	174	1	0	0	121	2	3	0	13	0	6	0	41	2	0	0	40	247	291	0	3927	128	178	0	1678
09:20:00	33600	375	423	0	5946	8	12	0	170	1	0	0	122	4	1	0	16	3	6	0	38	0	0	0	40	243	239	0	3931	116	165	0	1629
09:25:00	33900	337	493	0	5790	10	21	0	159	0	0	0	122	5	5	0	16	2	0	0	40	1	0	0	41	235	292	0	3874	84	175	0	1538
09:30:00	34200	306	463	0	5633	2	15	0	146	1	0	0	123	4	4	0	16	5	0	0	45	1	0	0	42	218	252	0	3840	75	192	0	1421
09:35:00	34500	305	419	0	5519	3	16	0	133	0	0	0	123	3	4	0	15	3	2	0	46	0	0	0	42	205	248	0	3797	91	149	0	1363
09:40:00	34800	309	411	0	5417	8	15	0	126	0	0	0	123	6	2	0	19	4	3	0	47	1	0	0	43	213	239	0	3771	77	152	0	1288
09:45:00	35100	278	468	0	5227	3	12	0	117	0	0	0	123	2	3	0	18	2	5	0	44	0	0	0	43	194	276	0	3689	77	172	0	1193
09:50:00	35400	307	415	0	5119	4	9	0	112	0	0	0	123	3	6	0	15	2	2	0	44	0	0	0	43	212	257	0	3644	86	141	0	1138
09:55:00	35700	313	395	0	5037	9	17	0	104	0	0	0	123	5	3	0	17	1	2	0	43	0	0	0	43	222	233	0	3633	76	140	0	1074
10:00:00	36000	287	409	0	4915	8	15	0	97	2	0	0	125	5	5	0	17	2	0	0	45	0	0	0	43	193	244	0	3582	77	145	0	1006
10:05:00	36300	280	374	0	4821	10	10	0	97	0	0	0	125	4	3	0	18	3	1	0	47	0	0	0	43	184	247	0	3519	79	113	0	972
10:10:00	36600	270	381	0	4710	5	15	0	87	0	0	0	125	3	5	0	16	5	4	0	48	0	0	0	43	171	241	0	3449	86	116	0	942
10:15:00	36900	295	392	0	4613	14	12	0	89	1	0	0	126	4	3	0	17	4	4	0	48	0	0	0	43	202	245	0	3406	70	128	0	884
10:20:00	37200	297	355	0	4555	9	14	0	84	1	0	0	127	4	6	0	15	1	2	0	47	0	0	0	43	203	241	0	3368	79	92	0	871
10:25:00	37500	262	381	0	4436	8	11	0	81	0	0	0	127	5	5	0	15	2	4	0	45	0	0	0	43	191	271	0	3288	56	90	0	837
10:30:00	37800	299	347	0	4388	5	4	0	82	0	0	0	127	1	1	0	15	5	2	0	48	1	0	0	44	204	222	0	3270	83	118	0	802
10:35:00	38100	266	348	0	4306	11	4	0	89	0	0	0	127	6	3	0	18	6	0	0	54	0	0	0	44	184	245	0	3209	59	96	0	765
10:40:00	38400	307	383	0	4230	3	15	0	77	1	0	0	128	5	5	0	18	5	4	0	55	0	0	0	44	217	254	0	3172	76	105	0	736
10:45:00	38700	329	371	0	4188	8	12	0	73	1	0	0	129	3	4	0	17	3	3	0	55	1	0	0	45	232	252	0	3152	81	100	0	717
10:50:00	39000	321	386	0	4123	15	11	0	77	1	0	0	130	2	5	0	14	0	2	0	53	0	0	0	45	245	268	0	3129	58	100	0	675
10:55:00	39300	355	418	0	4060	12	8	0	81	0	0	0	130	6	2	0	18	2	2	0	53	0	0	0	45	251	309	0	3071	84	97	0	662
11:00:00	39600	350	380	0	4030	10	12	0	79	2	0	0	132	7	4	0	21	2	2	0	53	0	0	0	45	243	279	0	3035	86	83	0	665
11:05:00	39900	289	327	0	3992	13	9	0	83	0	0	0	132	4	3	0	22	3	3	0	53	0	0	0	45	203	228	0	3010	66	84	0	647
11:10:00	40200	326	363	0	3955	8	8	0	83	1	0	0	133	4	7	0	19	3	1	0	55	0	0	0	45	226	240	0	2996	84	107	0	624
11:15:00	40500	290	315	0	3930	4	14	0	73	1	0	0	134	5	2	0	22	3	2	0	56	0	0	0	45	201	226	0	2971	76	71	0	629
11:20:00	40800	325	350	0	3905	7	8	0	72	0	0	0	134	4	5	0	21	4	1	0	59	0	0	0	45	243	256	0	2958	67	80	0	616
11:25:00	41100	339	393	0	3851	13	13	0	72	0	0	0	134	2	5	0	18	4	4	0	59	1	0	0	46	238	285	0	2911	81	86	0	611
11:30:00	41400	302	371	0	3782	7	6	0	73	0	0	0	134	5	4	0	19	4	6	0	57	0	0	0	46	197	266	0	2842	89	89	0	611
11:35:00	41700	314	311	0	3785	7	9	0	71	1	0	0	135	2	2	0	19	7	2	0	62	0	0	0	46	222	224	0	2840	75	74	0	612
11:40:00	42000	366	343	0	3808	10	11	0	70	0	0	0	135	5	3	0	21	4	6	0	60	0	0	0	46	257	237	0	2860	90	86	0	616
11:45:00	42300	320	361	0	3767	16	16	0	70	0	0	0	135	2	3	0	20	2	2	0	60	0	0	0	46	230	267	0	2823	70	73	0	613
11:50:00	42600	363	345	0	3785	13	6	0	77	1	0	0	136	2	3	0	19	4	6	0	58	0	0	0	46	258	247	0	2834	85	83	0	615
11:55:00	42900	389	393	0	3781	17	11	0	83	0	0	0	136	5	1	0	23	5	1	0	62	1	0	0	47	280	293	0	2821	81	87	0	609
12:00:00	43200	340	401	0	3720	15	8	0	90	0	0	0	136	1	3	0	21	2	4	0	60	0	0	0	47	248	308	0	2761	74	78	0	605
12:05:00	43500	331	350	0	3701	11	8	0	93	1	0	0	137	0	3	0	18	6	1	0	65	0	0	0	47	235	247	0	2749	78	91	0	592
12:10:00	43800	339	359	0	3681	14	17	0	90	0	0	0	137	3	1	0	20	3	4	0	64	1	0	0	48	241	248	0	2742	77	89	0	580
12:15:00	44100	351	343	0	3689	14	12	0	92	0	0	0	137	4	1	0	23	0	1	0	63	0	0	0	48	263	247	0	2758	70	82	0	568
12:20:00	44400	366	363	0	3692	17	13	0	96	0	0	0	137	0	3	0	20	0	6	0	57	0	0	0	48	272	268	0	2762	77	73	0	572
12:25:00	44700	388	347	0	3733	12	7	0	101	0	0	0	137	4	0	0	24	4	0	0	61	2	0	0	50	276	276	0	2762	90	64	0	598
12:30:00	45000	359	396	0	3696	12	20	0	93	0	0	0	137	1	2	0	23	6	2	0	65	0	0	0	50	247	277	0	2732	93	95	0	596
12:35:00	45300	329	330	0	3695	8	12	0	89	1	0	0	138	1	0	0	24	2	3	0	64	1	0	0	51	225	240	0	2717	91	75	0	612
12:40:00	45600	334	353	0	3676	13	11	0	91	0	0	0	138	1	4	0	21	4	6	0	62	0	0	0	51	240	235	0	2722	76	97	0	591
12:45:00	45900	349	352	0	3673	10	9	0	92	1	0	0	139	4	0	0	25	4	5	0	61	0	0	0	51	256	257	0	2721	74	81	0	584
12:50:00	46200	386	356	0	3703	14	15	0	91	2	0	0	141	3	2	0	26	2	1	0	62	0	0	0	51	280	267	0	2734	85	71	0	598
12:55:00	46500	372	385	0	3690	13	16	0	88	0	0	0	141	11	6	0	31	6	4	0	64	0	0	0	51	262	268	0	2728	80	91	0	587
13:00:00	46800	351	346	0	3695	7	15	0	80	1	0	0	142	3	6	0	28	2	1	0	65	0	0	0	51	257	259	0	2726	81	65	0	603
13:05:00	47100	360	371	0	3684	13	9	0	84	0	0	0	142	3	6	0	25	2	3	0	64	0	0	0	51	267	271	0	2722	75	82	0	596
13:10:00	47400	368	370	0	3682	11	18	0	77	1	0	0	143	2	2	0	25	3	1	0	66	0	0	0	51	264	264	0	2722	87	85	0	598
13:15:00	47700	369	352	0	3699	11	8	0	80	0	0	0	143	2	3	0	24	5	5	0	66	0	0	0	51	252	249	0	2725	99	87	0	610
13:20:00	48000	363	378	0	3684	11	16	0	75	0	0	0	143	2	0	0	26	5	1	0	70	0	0	0	51	272	274	0	2723	73	87	0	596
13:25:00	48300	382	397	0	3669	7	11	0	71	0	0	0	143	2	1	0	27	2	2	0	70	0	0	0	51	292	309	0	2706	79	74	0	601
13:30:00	48600	419	358	0	3730	18	6	0	83	1	0	0	144	2	1	0	28	6	2	0	74	0	0	0	51	289	257	0	2738	103	92	0	612
13:35:00	48900	371	363	0	3738	14	7	0	90	2	0	0	146	2	2	0	28	2	4	0	72	1	0	0	52	261	273	0	2726	89	77	0	624
13:40:00	49200	382	383	0	3737	14	11	0	93	0	0	0	146	2	1	0	29	4	9	0	67	0	0	0	52	262	264	0	2724	100	98	0	626
13:45:00	49500	402	374	0	3765	17	16	0	94	1	0	0	147	5	5	0	29	7	0	0	74	0	0	0	52	300	265	0	2759	72	88	0	610
13:50:00	49800	471	424	0	3812	19	19	0	94	1	0	0	148	3	3	0	29	1	4	0	71	0	0	0	52	356	309	0	2806	91	89	0	612
13:55:00	50100	500	405	0	3907	9	11	0	92	0	0	0	148	5	1	0	33	4	4	0	71	0	0	0	52	396	309	0	2893	86	80	0	618
14:00:00	50400	439	451	0	3895	16	13	0	95	0	0	0	148	6	5	0	34	4	3	0	72	0	0	0	52	311	345	0	2859	102	85	0	635
14:05:00	50700	419	409	0	3905	22	18	0	99	0	0	0	148	3	5	0	32	4	4	0	72	1	0	0	53	290	293	0	2856	99	89	0	645
14:10:00	51000	397	379	0	3923	15	15	0	99	0	0	0	148	1	5	0	28	6	4	0	74	2	0	0	55	267	259	0	2864	106	96	0	655
14:15:00	51300	467	371	0	4019	14	5	0	108	0	0	0	148	4	2	0	30	5	2	0	77	0	0	0	55	334	262	0	2936	110	100	0	665
14:20:00	51600	432	405	0	4046	24	14	0	118	0	0	0	148	1	2	0	29	3	4	0	76	0	0	0	55	310	309	0	2937	94	76	0	683
14:25:00	51900	402	428	0	4020	10	17	0	111	0	0	0	148	4	4	0	29	3	4	0	75	0	0	0	55	294	305	0	2926	91	98	0	676
14:30:00	52200	429	382	0	4067	11	21	0	101	0	0	0	148	0	1	0	28	5	5	0	75	0	0	0	55	315	265	0	2976	98	90	0	684
14:35:00	52500	397	406	0	4058	15	16	0	100	0	0	0	148	5	1	0	32	6	5	0	76	0	0	0	55	285	297	0	2964	86	87	0	683
14:40:00	52800	442	405	0	4095	20	18	0	102	0	0	0	148	2	3	0	31	6	5	0	77	0	0	0	55	330	289	0	3005	84	90	0	677
14:45:00	53100	419	389	0	4125	17	15	0	104	0	0	0	148	3	2	0	32	2	4	0	75	1	0	0	56	303	286	0	3022	93	82	0	688
14:50:00	53400	445	422	0	4148	15	19	0	100	0	0	0	148	5	1	0	36	5	2	0	78	0	0	0	56	335	299	0	3058	85	101	0	672
14:55:00	53700	504	418	0	4234	21	13	0	108	0	0	0	148	9	5	0	40	3	6	0	75	0	0	0	56	363	309	0	3112	108	85	0	695
15:00:00	54000	430	441	0	4223	18	17	0	109	0	0	0	148	4	9	0	35	4	4	0	75	0	0	0	56	304	321	0	3095	100	90	0	705
15:05:00	54300	447	408	0	4262	17	19	0	107	0	0	0	148	5	5	0	35	3	1	0	77	0	0	0	56	311	299	0	3107	111	84	0	732
15:10:00	54600	403	389	0	4276	16	13	0	110	1	0	0	149	1	2	0	34	2	4	0	75	1	0	0	57	283	284	0	3106	99	86	0	745
15:15:00	54900	465	405	0	4336	24	18	0	116	0	0	0	149	5	4	0	35	9	3	0	81	0	0	0	57	320	295	0	3131	107	85	0	767
15:20:00	55200	492	446	0	4382	18	21	0	113	0	0	0	149	2	2	0	35	4	4	0	81	0	0	0	57	356	306	0	3181	112	113	0	766
15:25:00	55500	449	417	0	4414	18	17	0	114	0	0	0	149	3	3	0	35	6	4	0	83	0	0	0	57	313	287	0	3207	109	106	0	769
15:30:00	55800	465	374	0	4505	18	15	0	117	0	0	0	149	4	3	0	36	3	4	0	82	0	0	0	57	317	269	0	3255	123	83	0	809
15:35:00	56100	467	393	0	4579	15	19	0	113	0	0	0	149	3	5	0	34	4	5	0	81	0	0	0	57	335	273	0	3317	110	91	0	828
15:40:00	56400	460	407	0	4632	12	14	0	111	0	0	0	149	2	1	0	35	2	4	0	79	0	0	0	57	324	301	0	3340	120	87	0	861
15:45:00	56700	485	467	0	4650	13	13	0	111	1	0	0	150	4	0	0	39	4	4	0	79	0	0	0	57	357	331	0	3366	106	119	0	848
15:50:00	57000	521	442	0	4729	11	12	0	110	0	0	0	150	4	4	0	39	6	4	0	81	0	0	0	57	390	330	0	3426	110	92	0	866
15:55:00	57300	547	484	0	4792	25	29	0	106	0	0	0	150	5	4	0	40	4	4	0	81	0	0	0	57	404	340	0	3490	109	107	0	868
16:00:00	57600	545	477	0	4860	19	23	0	102	0	0	0	150	5	5	0	40	5	4	0	82	0	0	0	57	376	350	0	3516	140	95	0	913
16:05:00	57900	482	475	0	4867	22	20	0	104	0	0	0	150	1	3	0	38	2	3	0	81	1	0	0	58	345	346	0	3515	111	103	0	921
16:10:00	58200	534	474	0	4927	26	18	0	112	0	0	0	150	3	3	0	38	3	3	0	81	0	0	0	58	355	335	0	3535	147	115	0	953
16:15:00	58500	544	435	0	5036	22	21	0	113	0	0	0	150	6	1	0	43	4	2	0	83	0	0	0	58	380	299	0	3616	132	112	0	973
16:20:00	58800	543	466	0	5113	17	20	0	110	0	0	0	150	6	6	0	43	4	2	0	85	0	0	0	58	392	340	0	3668	124	98	0	999
16:25:00	59100	482	480	0	5115	21	22	0	109	0	0	0	150	2	3	0	42	2	2	0	85	0	0	0	58	328	339	0	3657	129	114	0	1014
16:30:00	59400	461	412	0	5164	24	19	0	114	0	0	0	150	2	4	0	40	7	5	0	87	0	0	0	58	313	290	0	3680	115	94	0	1035
16:35:00	59700	492	458	0	5198	18	20	0	112	0	0	0	150	3	2	0	41	8	2	0	93	0	0	0	58	340	321	0	3699	123	113	0	1045
16:40:00	60000	496	479	0	5215	25	27	0	110	1	0	0	151	1	3	0	39	5	3	0	95	0	0	0	58	329	332	0	3696	135	114	0	1066
16:45:00	60300	492	509	0	5198	23	21	0	112	0	0	0	151	4	2	0	41	3	7	0	91	0	0	0	58	331	354	0	3673	131	125	0	1072
16:50:00	60600	496	482	0	5212	14	20	0	106	0	0	0	151	2	4	0	39	6	4	0	93	0	0	0	58	351	316	0	3708	123	138	0	1057
16:55:00	60900	535	483	0	5264	21	16	0	111	0	0	0	151	7	4	0	42	5	3	0	95	0	0	0	58	387	346	0	3749	115	114	0	1058
17:00:00	61200	477	488	0	5253	18	21	0	108	0	0	0	151	3	5	0	40	5	5	0	95	0	0	0	58	329	354	0	3724	122	103	0	1077
17:05:00	61500	517	472	0	5298	27	28	0	107	0	0	0	151	3	2	0	41	7	6	0	96	0	0	0	58	347	315	0	3756	133	121	0	1089
17:10:00	61800	526	494	0	5330	20	23	0	104	2	0	0	153	4	2	0	43	3	5	0	94	1	0	0	59	370	326	0	3800	126	138	0	1077
17:15:00	62100	539	454	0	5415	34	23	0	115	0	0	0	153	6	6	0	43	5	4	0	95	1	0	0	60	339	317	0	3822	154	104	0	1127
17:20:00	62400	535	496	0	5454	27	22	0	120	1	0	0	154	7	7	0	43	6	3	0	98	0	0	0	60	364	326	0	3860	130	138	0	1119
17:25:00	62700	518	466	0	5506	24	26	0	118	0	0	0	154	2	4	0	41	4	5	0	97	1	0	0	61	353	312	0	3901	134	119	0	1134
17:30:00	63000	552	483	0	5575	23	22	0	119	0	0	0	154	7	4	0	44	9	5	0	101	0	0	0	61	360	339	0	3922	153	113	0	1174
17:35:00	63300	585	501	0	5659	22	26	0	115	0	0	0	154	6	4	0	46	2	8	0	95	0	0	0	61	401	331	0	3992	154	132	0	1196
17:40:00	63600	546	525	0	5680	33	24	0	124	1	0	0	155	4	9	0	41	4	4	0	95	0	0	0	61	375	350	0	4017	129	138	0	1187
17:45:00	63900	555	469	0	5766	21	22	0	123	0	0	0	155	3	2	0	42	5	4	0	96	0	0	0	61	406	311	0	4112	120	130	0	1177
17:50:00	64200	613	582	0	5797	26	24	0	125	0	0	0	155	8	6	0	44	6	4	0	98	0	0	0	61	431	415	0	4128	142	133	0	1186
17:55:00	64500	657	548	0	5906	30	22	0	133	0	0	0	155	10	4	0	50	6	7	0	97	0	0	0	61	476	382	0	4222	135	133	0	1188
18:00:00	64800	554	551	0	5909	31	19	0	145	0	0	0	155	6	9	0	47	13	8	0	102	0	0	0	61	373	405	0	4190	131	110	0	1209
18:05:00	65100	592	499	0	6002	20	23	0	142	0	0	0	155	8	5	0	50	6	4	0	104	0	0	0	61	399	347	0	4242	159	120	0	1248
18:10:00	65400	498	461	0	6039	24	28	0	138	0	0	0	155	4	8	0	46	7	4	0	107	0	0	0	61	323	313	0	4252	140	108	0	1280
18:15:00	65700	556	486	0	6109	32	28	0	142	1	0	0	156	4	2	0	48	2	6	0	103	0	0	0	61	392	333	0	4311	125	117	0	1288
18:20:00	66000	542	511	0	6140	33	29	0	146	0	0	0	156	9	7	0	50	4	5	0	102	0	0	0	61	393	347	0	4357	103	123	0	1268
18:25:00	66300	552	524	0	6168	20	25	0	141	1	0	0	157	5	7	0	48	5	4	0	103	0	0	0	61	387	333	0	4411	134	155	0	1247
18:30:00	66600	556	547	0	6177	27	33	0	135	0	0	0	157	2	4	0	46	9	6	0	106	0	0	0	61	382	365	0	4428	136	139	0	1244
18:35:00	66900	568	534	0	6211	28	31	0	132	0	0	0	157	4	2	0	48	4	1	0	109	0	0	0	61	416	357	0	4487	116	143	0	1217
18:40:00	67200	525	572	0	6164	24	24	0	132	1	0	0	158	4	5	0	47	3	7	0	105	0	0	0	61	377	394	0	4470	116	142	0	1191
18:45:00	67500	557	509	0	6212	33	28	0	137	0	0	0	158	5	2	0	50	9	5	0	109	0	0	0	61	394	349	0	4515	116	125	0	1182
18:50:00	67800	623	566	0	6269	36	39	0	134	0	0	0	158	5	4	0	51	5	5	0	109	0	0	0	61	462	401	0	4576	115	117	0	1180
18:55:00	68100	637	578	0	6328	36	32	0	138	0	0	0	158	6	4	0	53	10	1	0	118	1	0	0	62	466	429	0	4613	118	112	0	1186
19:00:00	68400	445	580	0	6193	22	30	0	130	0	0	0	158	2	5	0	50	6	4	0	120	0	0	0	62	299	394	0	4518	116	147	0	1155
19:05:00	68700	423	484	0	6132	21	22	0	129	1	0	0	159	2	0	0	52	7	9	0	118	0	0	0	62	286	324	0	4480	106	129	0	1132
19:10:00	69000	443	483	0	6092	26	27	0	128	0	0	0	159	1	1	0	52	5	9	0	114	1	0	0	63	314	307	0	4487	96	139	0	1089
19:15:00	69300	377	458	0	6011	35	40	0	123	0	0	0	159	1	2	0	51	3	4	0	113	0	0	0	63	254	298	0	4443	84	114	0	1059
19:20:00	69600	373	417	0	5967	15	24	0	114	0	0	0	159	1	2	0	50	4	3	0	114	0	0	0	63	258	276	0	4425	95	112	0	1042
19:25:00	69900	346	406	0	5907	20	24	0	110	0	0	0	159	3	2	0	51	4	5	0	113	1	0	0	64	252	266	0	4411	66	109	0	999
19:30:00	70200	281	441	0	5747	14	34	0	90	0	0	0	159	2	3	0	50	1	2	0	112	0	0	0	64	210	279	0	4342	54	123	0	930
19:35:00	70500	296	423	0	5620	15	18	0	87	0	0	0	159	3	1	0	52	2	0	0	114	0	0	0	64	217	284	0	4275	59	120	0	869
19:40:00	70800	311	377	0	5554	24	22	0	89	0	0	0	159	4	5	0	51	3	2	0	115	0	0	0	64	218	255	0	4238	62	93	0	838
19:45:00	71100	319	428	0	5445	19	26	0	82	0	0	0	159	3	2	0	52	3	3	0	115	0	0	0	64	234	294	0	4178	60	103	0	795
19:50:00	71400	298	394	0	5349	20	35	0	67	0	0	0	159	4	2	0	54	3	3	0	115	0	0	0	64	217	251	0	4144	54	103	0	746
19:55:00	71700	332	396	0	5285	21	23	0	65	0	0	0	159	4	2	0	56	7	4	0	118	0	0	0	64	246	275	0	4115	54	92	0	708
20:00:00	72000	319	412	0	5192	16	28	0	53	0	0	0	159	5	5	0	56	2	3	0	117	0	0	0	64	234	269	0	4080	62	107	0	663
20:05:00	72300	245	369	0	5068	15	23	0	45	0	0	0	159	1	4	0	53	4	2	0	119	1	0	0	65	168	241	0	4007	56	99	0	620
20:10:00	72600	271	358	0	4981	11	10	0	46	0	0	0	159	0	2	0	51	2	0	0	121	0	0	0	65	204	248	0	3963	54	98	0	576
20:15:00	72900	270	340	0	4911	21	21	0	46	0	0	0	159	3	1	0	53	3	2	0	122	0	0	0	65	197	243	0	3917	46	73	0	549
20:20:00	73200	278	328	0	4861	22	22	0	46	0	0	0	159	1	2	0	52	5	5	0	122	0	0	0	65	191	227	0	3881	59	72	0	536
20:25:00	73500	256	342	0	4775	16	15	0	47	0	0	0	159	1	0	0	53	0	2	0	120	0	0	0	65	205	250	0	3836	34	75	0	495
20:30:00	73800	254	341	0	4688	23	23	0	47	0	0	0	159	2	1	0	54	4	3	0	121	0	0	0	65	177	232	0	3781	48	82	0	461
20:35:00	74100	259	325	0	4622	19	24	0	42	0	0	0	159	2	3	0	53	3	3	0	121	0	0	0	65	199	234	0	3746	36	61	0	436
20:40:00	74400	283	370	0	4535	24	22	0	44	0	0	0	159	1	1	0	53	5	3	0	123	0	0	0	65	223	276	0	3693	30	68	0	398
20:45:00	74700	252	307	0	4480	15	17	0	42	1	0	0	160	1	0	0	54	4	4	0	123	0	0	0	65	186	225	0	3654	45	61	0	382
20:50:00	75000	258	308	0	4430	15	23	0	34	0	0	0	160	2	1	0	55	3	3	0	123	0	0	0	65	207	219	0	3642	31	62	0	351
20:55:00	75300	264	317	0	4377	16	17	0	33	0	0	0	160	2	3	0	54	3	4	0	122	0	0	0	65	192	236	0	3598	51	57	0	345
21:00:00	75600	256	307	0	4326	17	15	0	35	0	0	0	160	1	1	0	54	4	3	0	123	0	0	0	65	175	239	0	3534	59	49	0	355
21:05:00	75900	256	333	0	4249	25	27	0	33	0	0	0	160	2	2	0	54	3	2	0	124	0	0	0	65	185	247	0	3472	41	55	0	341
21:10:00	76200	244	291	0	4202	12	20	0	25	0	0	0	160	2	2	0	54	3	3	0	124	0	0	0	65	190	215	0	3447	37	51	0	327
21:15:00	76500	245	290	0	4157	12	13	0	24	0	0	0	160	2	2	0	54	3	4	0	123	0	0	0	65	189	232	0	3404	39	39	0	327
21:20:00	76800	208	270	0	4095	15	21	0	18	0	0	0	160	1	2	0	53	2	1	0	124	1	0	0	66	159	206	0	3357	30	40	0	317
21:25:00	77100	240	295	0	4040	19	23	0	14	0	0	0	160	1	0	0	54	1	3	0	122	0	0	0	66	179	212	0	3324	40	57	0	300
21:30:00	77400	203	277	0	3966	14	16	0	12	0	0	0	160	3	1	0	56	0	3	0	119	0	0	0	66	160	196	0	3288	26	61	0	265
21:35:00	77700	207	265	0	3908	9	12	0	9	0	0	0	160	1	3	0	54	4	2	0	121	0	0	0	66	164	185	0	3267	29	63	0	231
21:40:00	78000	220	245	0	3883	11	10	0	10	0	0	0	160	2	1	0	55	4	2	0	123	0	0	0	66	176	184	0	3259	27	48	0	210
21:45:00	78300	260	258	0	3885	21	15	0	16	0	0	0	160	2	2	0	55	3	2	0	124	0	0	0	66	199	190	0	3268	35	49	0	196
21:50:00	78600	210	267	0	3828	13	11	0	18	0	0	0	160	2	2	0	55	1	1	0	124	0	0	0	66	158	213	0	3213	36	40	0	192
21:55:00	78900	260	265	0	3823	13	10	0	21	0	0	0	160	1	1	0	55	7	7	0	124	0	0	0	66	206	209	0	3210	33	38	0	187
22:00:00	79200	193	261	0	3755	15	17	0	19	0	0	0	160	5	2	0	58	6	4	0	126	0	0	0	66	129	203	0	3136	38	35	0	190
22:05:00	79500	223	273	0	3705	12	12	0	19	0	0	0	160	0	1	0	57	4	5	0	125	0	0	0	66	173	219	0	3090	34	36	0	188
22:10:00	79800	156	238	0	3623	9	15	0	13	0	0	0	160	1	2	0	56	2	5	0	122	0	0	0	66	121	180	0	3031	23	36	0	175
22:15:00	80100	167	216	0	3574	11	14	0	10	0	0	0	160	3	1	0	58	0	1	0	121	0	0	0	66	128	170	0	2989	25	30	0	170
22:20:00	80400	122	184	0	3512	8	11	0	7	0	0	0	160	2	4	0	56	2	1	0	122	0	0	0	66	101	139	0	2951	9	29	0	150
22:25:00	80700	127	212	0	3427	3	11	0	-1	0	0	0	160	1	1	0	56	0	2	0	120	0	0	0	66	109	158	0	2902	14	40	0	124
22:30:00	81000	127	221	0	3333	9	10	0	-2	0	0	0	160	1	1	0	56	0	0	0	120	0	0	0	66	102	180	0	2824	15	30	0	109
22:35:00	81300	92	167	0	3258	4	7	0	-5	0	0	0	160	0	1	0	55	0	1	0	119	0	0	0	66	78	128	0	2774	10	30	0	89
22:40:00	81600	105	200	0	3163	5	12	0	-12	0	0	0	160	2	0	0	57	1	0	0	120	0	0	0	66	85	138	0	2721	12	50	0	51
22:45:00	81900	100	190	0	3073	3	5	0	-14	0	0	0	160	1	3	0	55	1	0	0	121	0	0	0	66	90	147	0	2664	5	35	0	21
22:50:00	82200	94	183	0	2984	9	8	0	-13	0	0	0	160	0	1	0	54	0	1	0	120	0	0	0	66	75	137	0	2602	10	36	0	-5
22:55:00	82500	103	169	0	2918	9	10	0	-14	0	0	0	160	0	0	0	54	0	1	0	119	0	0	0	66	85	134	0	2553	9	24	0	-20
23:00:00	82800	111	169	0	2860	8	9	0	-15	0	0	0	160	0	0	0	54	1	0	0	120	0	0	0	66	89	132	0	2510	13	28	0	-35
23:05:00	83100	115	171	0	2804	8	9	0	-16	0	0	0	160	0	0	0	54	0	0	0	120	0	0	0	66	99	133	0	2476	8	29	0	-56
23:10:00	83400	97	160	0	2741	6	8	0	-18	0	0	0	160	0	0	0	54	0	1	0	119	1	0	0	67	80	128	0	2428	10	23	0	-69
23:15:00	83700	92	171	0	2662	9	10	0	-19	0	0	0	160	1	0	0	55	2	0	0	121	1	0	0	68	75	141	0	2362	4	20	0	-85
23:20:00	84000	111	155	0	2618	6	11	0	-24	0	0	0	160	0	0	0	55	0	1	0	120	1	0	0	69	101	125	0	2338	3	18	0	-100
23:25:00	84300	94	168	0	2544	8	8	0	-24	0	0	0	160	1	2	0	54	2	0	0	122	0	0	0	69	81	142	0	2277	2	16	0	-114
23:30:00	84600	76	134	0	2486	6	5	0	-23	0	0	0	160	0	0	0	54	1	1	0	122	0	0	0	69	64	118	0	2223	5	10	0	-119
23:35:00	84900	97	148	0	2435	3	3	0	-23	0	0	0	160	1	0	0	55	2	3	0	121	0	0	0	69	88	122	0	2189	3	20	0	-136
23:40:00	85200	93	123	0	2405	7	7	0	-23	0	0	0	160	0	0	0	55	1	1	0	121	0	0	0	69	80	101	0	2168	5	14	0	-145
23:45:00	85500	79	139	0	2345	3	6	0	-26	0	0	0	160	0	1	0	54	2	2	0	121	0	0	0	69	74	116	0	2126	0	14	0	-159
23:50:00	85800	86	145	0	2286	3	8	0	-31	0	0	0	160	2	0	0	56	1	1	0	121	0	0	0	69	79	124	0	2081	1	12	0	-170
23:55:00	86100	79	123	0	2242	11	8	0	-28	0	0	0	160	1	1	0	56	1	1	0	121	0	0	0	69	63	104	0	2040	3	9	0	-176
24:00:00	86400	121	133	0	2230	5	5	0	-28	0	0	0	160	1	2	0	55	0	1	0	120	0	0	0	69	114	113	0	2041	1	12	0	-187
24:05:00	86700	56	141	0	2145	3	6	0	-31	0	0	0	160	1	1	0	55	2	2	0	120	0	0	0	69	48	123	0	1966	2	9	0	-194
24:10:00	87000	35	105	0	2075	4	6	0	-33	0	0	0	160	0	1	0	54	3	2	0	121	0	0	0	69	26	92	0	1900	2	4	0	-196
24:15:00	87300	37	113	0	1999	4	4	0	-33	0	0	0	160	0	0	0	54	0	1	0	120	0	0	0	69	31	103	0	1828	2	5	0	-199
24:20:00	87600	30	91	0	1938	0	2	0	-35	0	0	0	160	0	0	0	54	0	0	0	120	0	0	0	69	29	84	0	1773	1	5	0	-203
24:25:00	87900	22	74	0	1886	1	2	0	-36	0	0	0	160	0	0	0	54	0	0	0	120	0	0	0	69	20	69	0	1724	1	3	0	-205
24:30:00	88200	20	70	0	1836	3	3	0	-36	0	0	0	160	0	0	0	54	0	0	0	120	0	0	0	69	17	66	0	1675	0	1	0	-206
24:35:00	88500	14	60	0	1790	3	2	0	-35	0	0	0	160	0	0	0	54	0	0	0	120	0	0	0	69	11	56	0	1630	0	2	0	-208
24:40:00	88800	17	81	0	1726	3	5	0	-37	0	0	0	160	0	0	0	54	0	0	0	120	0	0	0	69	14	72	0	1572	0	4	0	-212
24:45:00	89100	20	87	0	1659	2	3	0	-38	0	0	0	160	0	0	0	54	0	0	0	120	0	0	0	69	18	83	0	1507	0	1	0	-213
24:50:00	89400	17	76	0	1600	2	6	0	-42	0	0	0	160	0	0	0	54	0	0	0	120	0	0	0	69	15	68	0	1454	0	2	0	-215
24:55:00	89700	18	71	0	1547	0	2	0	-44	0	0	0	160	0	0	0	54	0	0	0	120	0	0	0	69	18	65	0	1407	0	4	0	-219
25:00:00	90000	16	68	0	1495	0	3	0	-47	0	0	0	160	0	0	0	54	0	0	0	120	0	0	0	69	16	64	0	1359	0	1	0	-220
25:05:00	90300	23	64	0	1454	0	2	0	-49	0	0	0	160	0	0	0	54	0	0	0	120	0	0	0	69	23	61	0	1321	0	1	0	-221
25:10:00	90600	14	67	0	1401	2	2	0	-49	0	0	0	160	0	0	0	54	0	0	0	120	0	0	0	69	12	64	0	1269	0	1	0	-222
25:15:00	90900	17	54	0	1364	2	1	0	-48	0	0	0	160	0	0	0	54	0	0	0	120	0	0	0	69	15	53	0	1231	0	0	0	-222
25:20:00	91200	18	61	0	1321	0	0	0	-48	0	0	0	160	0	0	0	54	0	0	0	120	0	0	0	69	18	61	0	1188	0	0	0	-222
25:25:00	91500	12	53	0	1280	1	1	0	-48	0	0	0	160	0	0	0	54	0	0	0	120	0	0	0	69	11	52	0	1147	0	0	0	-222
25:30:00	91800	14	54	0	1240	0	0	0	-48	0	0	0	160	0	0	0	54	0	0	0	120	0	0	0	69	14	53	0	1108	0	1	0	-223
25:35:00	92100	18	68	0	1190	3	3	0	-48	0	0	0	160	0	0	0	54	0	0	0	120	0	0	0	69	15	65	0	1058	0	0	0	-223
25:40:00	92400	7	52	0	1145	1	1	0	-48	0	0	0	160	0	0	0	54	0	0	0	120	0	0	0	69	6	51	0	1013	0	0	0	-223
25:45:00	92700	13	56	0	1102	2	1	0	-47	0	0	0	160	0	0	0	54	0	0	0	120	0	0	0	69	11	55	0	969	0	0	0	-223
25:50:00	93000	15	54	0	1063	1	2	0	-48	0	0	0	160	0	0	0	54	0	0	0	120	0	0	0	69	14	52	0	931	0	0	0	-223
25:55:00	93300	15	49	0	1029	2	2	0	-48	0	0	0	160	0	0	0	54	0	0	0	120	0	0	0	69	13	47	0	897	0	0	0	-223
26:00:00	93600	7	47	0	989	0	1	0	-49	0	0	0	160	0	0	0	54	0	0	0	120	0	0	0	69	7	46	0	858	0	0	0	-223
26:05:00	93900	13	43	0	959	0	0	0	-49	0	0	0	160	0	0	0	54	0	0	0	120	0	0	0	69	13	43	0	828	0	0	0	-223
26:10:00	94200	10	33	0	936	0	0	0	-49	0	0	0	160	0	0	0	54	0	0	0	120	0	0	0	69	10	33	0	805	0	0	0	-223
26:15:00	94500	10	35	0	911	0	0	0	-49	0	0	0	160	0	0	0	54	0	0	0	120	0	0	0	69	10	35	0	780	0	0	0	-223
26:20:00	94800	9	33	0	887	2	5	0	-52	0	0	0	160	0	0	0	54	0	0	0	120	0	0	0	69	7	28	0	759	0	0	0	-223
26:25:00	95100	18	48	0	857	2	1	0	-51	0	0	0	160	0	0	0	54	0	0	0	120	0	0	0	69	16	47	0	728	0	0	0	-223
26:30:00	95400	10	25	0	842	1	1	0	-51	0	0	0	160	0	0	0	54	0	0	0	120	0	0	0	69	9	24	0	713	0	0	0	-223
26:35:00	95700	7	41	0	808	1	1	0	-51	0	0	0	160	0	0	0	54	0	0	0	120	0	0	0	69	6	40	0	679	0	0	0	-223
26:40:00	96000	9	26	0	791	0	0	0	-51	0	0	0	160	0	0	0	54	0	0	0	120	0	0	0	69	9	26	0	662	0	0	0	-223
26:45:00	96300	5	26	0	770	3	1	0	-49	0	0	0	160	0	0	0	54	0	0	0	120	0	0	0	69	2	25	0	639	0	0	0	-223
26:50:00	96600	7	20	0	757	0	0	0	-49	0	0	0	160	0	0	0	54	0	0	0	120	0	0	0	69	7	20	0	626	0	0	0	-223
26:55:00	96900	8	39	0	726	0	0	0	-49	0	0	0	160	0	0	0	54	0	0	0	120	0	0	0	69	8	39	0	595	0	0	0	-223
27:00:00	97200	4	19	0	711	1	0	0	-48	0	0	0	160	0	0	0	54	0	0	0	120	0	0	0	69	3	19	0	579	0	0	0	-223
27:05:00	97500	5	28	0	688	0	0	0	-48	0	0	0	160	0	0	0	54	0	0	0	120	0	0	0	69	5	28	0	556	0	0	0	-223
27:10:00	97800	4	13	0	679	0	0	0	-48	0	0	0	160	0	0	0	54	0	0	0	120	0	0	0	69	4	13	0	547	0	0	0	-223
27:15:00	98100	4	22	0	661	1	0	0	-47	0	0	0	160	0	0	0	54	0	0	0	120	0	0	0	69	3	22	0	528	0	0	0	-223
27:20:00	98400	5	27	0	639	0	2	0	-49	0	0	0	160	0	0	0	54	0	0	0	120	0	0	0	69	5	25	0	508	0	0	0	-223
27:25:00	98700	5	19	0	625	2	0	0	-47	0	0	0	160	0	0	0	54	0	0	0	120	0	0	0	69	3	19	0	492	0	0	0	-223
27:30:00	99000	7	20	0	612	0	1	0	-48	0	0	0	160	0	0	0	54	0	0	0	120	0	0	0	69	7	19	0	480	0	0	0	-223
27:35:00	99300	5	25	0	592	2	2	0	-48	0	0	0	160	0	0	0	54	0	0	0	120	0	0	0	69	3	23	0	460	0	0	0	-223
27:40:00	99600	4	18	0	578	0	0	0	-48	0	0	0	160	0	0	0	54	0	0	0	120	0	0	0	69	4	18	0	446	0	0	0	-223
27:45:00	99900	7	19	0	566	2	1	0	-47	0	0	0	160	0	0	0	54	0	0	0	120	0	0	0	69	5	18	0	433	0	0	0	-223
27:50:00	100200	6	11	0	561	1	1	0	-47	0	0	0	160	0	0	0	54	0	0	0	120	0	0	0	69	5	10	0	428	0	0	0	-223
27:55:00	100500	8	16	0	553	2	2	0	-47	0	0	0	160	0	0	0	54	0	0	0	120	0	0	0	69	6	14	0	420	0	0	0	-223
28:00:00	100800	6	16	0	543	1	1	0	-47	0	0	0	160	0	0	0	54	0	0	0	120	0	0	0	69	5	15	0	410	0	0	0	-223
28:05:00	101100	7	20	0	530	0	0	0	-47	0	0	0	160	0	0	0	54	0	0	0	120	0	0	0	69	7	20	0	397	0	0	0	-223
28:10:00	101400	5	17	0	518	0	2	0	-49	0	0	0	160	0	0	0	54	0	0	0	120	0	0	0	69	5	15	0	387	0	0	0	-223
28:15:00	101700	4	19	0	503	0	0	0	-49	0	0	0	160	0	0	0	54	0	0	0	120	0	0	0	69	4	19	0	372	0	0	0	-223
28:20:00	102000	6	13	0	496	1	1	0	-49	0	0	0	160	0	0	0	54	0	0	0	120	0	0	0	69	5	12	0	365	0	0	0	-223
28:25:00	102300	5	17	0	484	2	2	0	-49	0	0	0	160	0	0	0	54	0	0	0	120	0	0	0	69	3	15	0	353	0	0	0	-223
28:30:00	102600	4	13	0	475	0	0	0	-49	0	0	0	160	0	0	0	54	0	0	0	120	0	0	0	69	4	13	0	344	0	0	0	-223
28:35:00	102900	4	10	0	469	0	1	0	-50	0	0	0	160	0	0	0	54	0	0	0	120	0	0	0	69	4	9	0	339	0	0	0	-223
28:40:00	103200	5	15	0	459	1	1	0	-50	0	0	0	160	0	0	0	54	0	0	0	120	0	0	0	69	4	14	0	329	0	0	0	-223
28:45:00	103500	3	14	0	448	0	0	0	-50	0	0	0	160	0	0	0	54	0	0	0	120	0	0	0	69	3	14	0	318	0	0	0	-223
28:50:00	103800	2	9	0	441	0	0	0	-50	0	0	0	160	0	0	0	54	0	0	0	120	0	0	0	69	2	9	0	311	0	0	0	-223
28:55:00	104100	1	11	0	431	0	0	0	-50	0	0	0	160	0	0	0	54	0	0	0	120	0	0	0	69	1	11	0	301	0	0	0	-223
29:00:00	104400	4	11	0	424	0	0	0	-50	0	0	0	160	0	0	0	54	0	0	0	120	0	0	0	69	4	11	0	294	0	0	0	-223
29:05:00	104700	1	7	0	418	1	1	0	-50	0	0	0	160	0	0	0	54	0	0	0	120	0	0	0	69	0	6	0	288	0	0	0	-223
29:10:00	105000	4	11	0	411	0	0	0	-50	0	0	0	160	0	0	0	54	0	0	0	120	0	0	0	69	4	11	0	281	0	0	0	-223
29:15:00	105300	7	14	0	404	1	1	0	-50	0	0	0	160	0	0	0	54	0	0	0	120	0	0	0	69	6	13	0	274	0	0	0	-223
29:20:00	105600	7	15	0	396	1	1	0	-50	0	0	0	160	0	0	0	54	0	0	0	120	0	0	0	69	6	14	0	266	0	0	0	-223
29:25:00	105900	6	13	0	389	0	0	0	-50	0	0	0	160	0	0	0	54	0	0	0	120	0	0	0	69	6	13	0	259	0	0	0	-223
29:30:00	106200	3	8	0	384	0	0	0	-50	0	0	0	160	0	0	0	54	0	0	0	120	0	0	0	69	3	8	0	254	0	0	0	-223
29:35:00	106500	2	10	0	376	0	0	0	-50	0	0	0	160	0	0	0	54	0	0	0	120	0	0	0	69	2	10	0	246	0	0	0	-223
29:40:00	106800	1	6	0	371	0	0	0	-50	0	0	0	160	0	0	0	54	0	0	0	120	0	0	0	69	1	6	0	241	0	0	0	-223
29:45:00	107100	2	6	0	367	0	0	0	-50	0	0	0	160	0	0	0	54	0	0	0	120	0	0	0	69	2	6	0	237	0	0	0	-223
29:50:00	107400	4	10	0	361	0	1	0	-51	0	0	0	160	0	0	0	54	0	0	0	120	0	0	0	69	4	9	0	232	0	0	0	-223
29:55:00	107700	4	13	0	352	1	1	0	-51	0	0	0	160	0	0	0	54	0	0	0	120	0	0	0	69	3	12	0	223	0	0	0	-223
30:00:00	108000	0	0	0	352	0	0	0	-51	0	0	0	160	0	0	0	54	0	0	0	120	0	0	0	69	0	0	0	223	0	0	0	-223
30:05:00	108300	0	0	0	352	0	0	0	-51	0	0	0	160	0	0	0	54	0	0	0	120	0	0	0	69	0	0	0	223	0	0	0	-223
